-7.32296
-7.63175
-7.93936
-6.41435
-5.79521
-6.52307
-5.51342
-5.51342
-6.77537
-6.20318
-6.41590
-6.21689
-5.31047
-6.43561
-8.00171
-8.00171
-9.65551
-9.65551
-8.55742
-7.73088
-7.52354
-8.88244
-10.20442
-10.57824
-11.48339
-11.13665
-12.32788
-12.32788
-12.19978
-11.94710
-14.31904
-14.11024
-14.11024
-14.79955
-14.18535
-13.74317
-15.26782
-16.75637
-15.95440
-15.35034
-14.69161
-18.23199
-18.78330
-20.47855
-20.47855
-20.59512
-20.37370
-20.29981
-21.16701
-22.73895
-23.02747
-24.06188
-24.34390
-24.67856
-24.59048
-24.45205
-25.17119
-24.96051
-25.66799
-24.71769
-25.71420
-24.50306
-23.84675
-25.47425
-24.91590
-27.03453
-27.90742
-27.29258
-26.41701
-25.59521
-25.38644
-24.91682
-24.34427
-24.60360
-24.60360
-23.48292
-23.17618
-23.11020
-24.07430
-22.31555
-23.55245
-21.84551
-22.97062
-22.03079
-22.06374
-22.78775
-21.17580
-21.53611
-20.89184
-20.98352
-21.90925
-21.99072
-19.71768
-18.66767
-19.27963
-18.33635
-17.20655
-18.19770
-17.92062
-19.12888
-18.95352
-18.85760
-19.53077
-19.38501
-20.27967
-19.02885
-19.18659
-18.47879
-18.26660
-18.86495
-17.88883
-17.90935
-18.42743
-17.61466
-16.11201
-15.44542
-15.66728
-13.93637
-13.12610
-12.35449
-13.30401
-14.04679
-13.85655
-15.43438
-15.91217
-15.12135
-15.13863
-15.88348
-16.01219
-17.21896
-15.65721
-16.38875
-16.96310
-17.01835
-17.63805
-16.52929
-14.12000
-14.12000
-14.26741
-15.57338
-15.00548
-15.00548
-15.29519
-16.21033
-15.56865
-15.08052
-15.00119
-15.27825
-14.93266
-16.04404
-15.48887
-14.71863
-12.67515
-14.67647
-14.37361
-14.29207
-13.40361
-13.76507
-13.72093
-12.85165
-12.92264
-12.99227
-12.57396
-13.76980
-15.44167
-15.16046
-16.00808
-16.47899
-16.80234
-16.98809
-16.87380
-16.70782
-16.71465
-17.41885
-16.55498
-17.20067
-18.17770
-17.38648
-16.30733
-16.30733
-16.26429
-17.90204
-17.06915
-17.25401
-17.64431
-17.64431
-18.39585
-18.39585
-19.03301
-18.03257
-18.78079
-18.78079
-20.14412
-19.89802
-20.52385
-19.40258
-19.31050
-18.73117
-18.73117
-18.40398
-19.75478
-18.54099
-18.10996
-17.93304
-17.95785
-19.90755
-20.39319
-21.06119
-20.87000
-21.20049
-21.20049
-20.93645
-20.88348
-20.81455
-21.28926
-21.28926
-21.36830
-21.73933
-22.32402
-22.38446
-23.98746
-24.36496
-24.89862
-26.37275
-27.16571
-26.32628
-27.22072
-27.61236
-26.26254
-27.26757
-27.85798
-26.95671
-26.08642
-25.68162
-25.67871
-24.56448
-24.39246
-24.71286
-23.62415
-22.91333
-22.78080
-22.21385
-23.19817
-23.01141
-23.81374
-23.08823
-23.40634
-22.53084
-21.51815
-21.28853
-19.71543
-19.22756
-19.32057
-20.81948
-21.28272
-20.72052
-21.05895
-22.05864
-22.84357
-22.04817
-18.99198
-18.23441
-16.76764
-17.10962
-19.63794
-18.93884
-21.23880
-21.54049
-21.09151
-21.60621
-23.44382
-24.10845
-24.18979
-23.30307
-23.30307
-21.73002
-22.25649
-21.93205
-20.04658
-19.87356
-20.90741
-20.57877
-19.58387
-20.17645
-19.65750
-19.90612
-19.90612
-19.90612
-19.00537
-20.53119
-18.43789
-18.57187
-21.17511
-21.00938
-19.76059
-19.59674
-19.59674
-21.39622
-21.81990
-21.12658
-20.45615
-21.57654
-21.34712
-21.34712
-21.31077
-20.49038
-19.87780
-19.01503
-19.86667
-20.95284
-20.95284
-21.40747
-21.12747
-24.04720
-23.12975
-21.64031
-21.64031
-20.76366
-20.39127
-20.48485
-19.69152
-19.90021
-19.73750
-19.18266
-19.71476
-18.68090
-18.68090
-19.00485
-19.86183
-21.05642
-24.03594
-23.81781
-22.99711
-22.99711
-22.02198
-21.99365
-19.64442
-17.61998
-18.54825
-18.54825
-20.00494
-20.91199
-20.07106
-19.04032
-20.17583
-19.29161
-19.53226
-19.42216
-19.12446
-19.15106
-19.20348
-18.53904
-21.34023
-21.46071
-20.85142
-20.39338
-20.79560
-21.34412
-21.34412
-20.76451
-19.65806
-19.26351
-18.13731
-18.00196
-18.13603
-18.82146
-18.73300
-19.89619
-19.89619
-18.27122
-19.55758
-20.95452
-22.51082
-22.55497
-21.88056
-20.63343
-20.15820
-20.56470
-20.37092
-20.04153
-20.45443
-19.91852
-22.14350
-24.51986
-25.92188
-25.60811
-24.56371
-24.10736
-24.36763
-23.44141
-23.47915
-24.72202
-24.72202
-24.02237
-24.70233
-24.60361
-23.68439
-24.44122
-25.21906
-27.44864
-26.91931
-26.46215
-25.94038
-27.64979
-26.35700
-25.11213
-24.77973
-24.43518
-24.30050
-23.27925
-22.97053
-23.19023
-21.17356
-22.94880
-24.21260
-25.45158
-25.45158
-25.69194
-24.70870
-25.49930
-26.10112
-24.74536
-24.58632
-24.58632
-24.76812
-23.64239
-23.00444
-22.29891
-20.80455
-21.24771
-21.05860
-21.62583
-21.30832
-21.01792
-19.07497
-19.84673
-20.43083
-18.88523
-20.13974
-19.53681
-18.56129
-19.33037
-19.33037
-21.11028
-21.84935
-23.18202
-23.18202
-23.18202
-24.33345
-26.03162
-27.22548
-23.73461
-23.58359
-24.54602
-24.57062
-24.57062
-24.67924
-24.04635
-22.37893
-21.26869
-19.88698
-20.28425
-20.21918
-21.59462
-21.84757
-21.10104
-21.13596
-22.19339
-22.68416
-24.72782
-24.39820
-23.09261
-23.17129
-24.28653
-24.17255
-24.12695
-22.53038
-21.22370
-19.66961
-21.54575
-23.61880
-24.85279
-25.43824
-24.57163
-24.54433
-23.80675
-26.23828
-27.11902
-25.99816
-25.22429
-23.78384
-23.61381
-23.61381
-22.71590
-21.88491
-23.30770
-24.28329
-23.30524
-22.29360
-20.20645
-19.41225
-19.36713
-19.70045
-18.92648
-20.09074
-19.31509
-19.21983
-18.45781
-18.78883
-18.96658
-18.97508
-18.36163
-18.93370
-19.55620
-17.29893
-17.74084
-18.38716
-18.38716
-17.62773
-18.23816
-19.73830
-19.92543
-20.16545
-20.16545
-20.02130
-19.01405
-19.79347
-20.59430
-20.45108
-20.24140
-19.26585
-18.92043
-21.27160
-19.63378
-18.56380
-21.02711
-21.44915
-20.59563
-21.14825
-20.85064
-20.33434
-20.14112
-20.68991
-20.21864
-19.63842
-20.35371
-19.73299
-19.12356
-18.48273
-17.70028
-18.28624
-18.12170
-18.41973
-18.64722
-18.13993
-19.06008
-19.60178
-20.72388
-20.78763
-20.88948
-19.96686
-19.96686
-19.55609
-19.72210
-19.48036
-19.48036
-18.93349
-20.36818
-21.11216
-20.06487
-18.90351
-19.44341
-21.62098
-21.51187
-21.53687
-20.80895
-20.80895
-18.66555
-18.39668
-19.59163
-20.77691
-20.77691
-20.63910
-20.63910
-20.88419
-21.87568
-21.02736
-19.57101
-19.49931
-19.03218
-19.03218
-18.98116
-17.32687
-16.81960
-16.24521
-17.31656
-14.93170
-15.56966
-16.00747
-16.00747
-15.69293
-14.48824
-14.47068
-13.35545
-14.47068
-14.67073
-16.14583
-14.58070
-14.48493
-14.58740
-14.50830
-14.97331
-14.39388
-15.36813
-14.42470
-14.42470
-13.59570
-12.82189
-10.97615
-10.89260
-9.97727
-9.62396
-11.81839
-11.23571
-11.13027
-12.35930
-13.37713
-13.56316
-13.67126
-15.54402
-16.14309
-17.25805
-18.23248
-16.36122
-14.93933
-14.95881
-15.51533
-14.09345
-12.37593
-12.70135
-12.57094
-14.32989
-15.03503
-16.30969
-16.06975
-15.55049
-16.56727
-17.36210
-17.33027
-17.15454
-18.64152
-18.22255
-18.49837
-18.48500
-17.76977
-19.06902
-18.72322
-17.67290
-17.46313
-17.05439
-17.88657
-18.33498
-18.33498
-18.62564
-18.16712
-19.09390
-19.72803
-20.23113
-20.99294
-20.02917
-20.01591
-19.72349
-20.11702
-20.11702
-19.03386
-20.14156
-19.65052
-18.20463
-18.79577
-19.90485
-20.02449
-19.98577
-18.03298
-18.48994
-19.38325
-19.80470
-19.97614
-20.16715
-19.39538
-19.24875
-19.24875
-21.32751
-21.99115
-21.91398
-22.72360
-21.18730
-20.77964
-19.74654
-20.12671
-20.23569
-19.80132
-19.73324
-19.50345
-19.43884
-20.27845
-21.63882
-20.79500
-20.79500
-21.13417
-21.48755
-21.14520
-20.68356
-20.76621
-21.04847
-21.46413
-21.61170
-21.61170
-21.03934
-21.56779
-22.57881
-21.75581
-21.36991
-22.64770
-22.64770
-23.70594
-24.50338
-26.16447
-25.70506
-26.48997
-27.11788
-27.11788
-25.73118
-24.82518
-24.82518
-25.91572
-25.91572
-25.20467
-24.07808
-23.55949
-24.98861
-26.16300
-26.16308
-26.65261
-25.45621
-23.88754
-24.39091
-24.49738
-25.64790
-26.20325
-27.13138
-27.35878
-26.83135
-25.66177
-25.41301
-24.21381
-23.34143
-23.74332
-23.37004
-23.62441
-22.80041
-22.46857
-21.40740
-21.40740
-20.30439
-20.29335
-19.88484
-20.40466
-19.34647
-18.30582
-17.13883
-18.31153
-18.39252
-18.48338
-18.10633
-18.75687
-19.32987
-18.28441
-18.47263
-18.47263
-19.64585
-20.70446
-21.46712
-22.47470
-21.19055
-21.23497
-21.57899
-20.67691
-20.19785
-20.01134
-19.68317
-17.54509
-18.18095
-18.12906
-21.65088
-22.26739
-21.56649
-20.66467
-21.93669
-21.14676
-20.74255
-20.42061
-21.16100
-20.35284
-19.16039
-19.01260
-19.70263
-19.90315
-20.21204
-20.25571
-20.89647
-20.12031
-21.78562
-21.56946
-20.99337
-20.99337
-21.32572
-21.37013
-22.60007
-20.58150
-20.27152
-24.34978
-23.74479
-25.44453
-25.25606
-24.19820
-23.50473
-24.48946
-24.76291
-25.66625
-25.66625
-25.01189
-25.89489
-25.89489
-24.67827
-25.64506
-24.15949
-24.15949
-24.60905
-24.02137
-23.97080
-25.93023
-26.72305
-26.41516
-26.73222
-25.45473
-25.50440
-23.28250
-23.28250
-23.70343
-24.58840
-27.03569
-27.05633
-28.13267
-28.05498
-27.73812
-29.51355
-29.77592
-28.72583
-29.10168
-29.92771
-30.41859
-29.93594
-29.66623
-28.66617
-29.21055
-28.52188
-27.77955
-27.50726
-25.26657
-26.03099
-25.55393
-27.90009
-27.50211
-27.87936
-26.92262
-26.86041
-26.20001
-27.75325
-27.06606
-27.07826
-27.62970
-27.26622
-26.13375
-24.49938
-24.49938
-24.90008
-25.75375
-21.05963
-21.67912
-23.38284
-24.87569
-24.24318
-24.47727
-24.20857
-23.11236
-23.16877
-22.67810
-21.87292
-21.57122
-21.19967
-21.67013
-20.49278
-20.10941
-20.00073
-20.00073
-20.47679
-21.12268
-21.19492
-21.43463
-20.05857
-19.62452
-18.41409
-18.93485
-18.96280
-17.51483
-18.11257
-19.23987
-19.59033
-19.15972
-20.14911
-20.88458
-19.29769
-18.80520
-18.94393
-17.14013
-17.61213
-17.82092
-18.48073
-19.04549
-19.35136
-20.44198
-20.44198
-20.11149
-19.86016
-18.98091
-19.91257
-19.16508
-19.12806
-19.01399
-18.36062
-17.73814
-18.77266
-20.21216
-20.21881
-21.02908
-21.07943
-20.34951
-21.17930
-21.05974
-21.64147
-20.22645
-20.79819
-20.23389
-19.53586
-20.98267
-19.54673
-20.06847
-20.79955
-20.63137
-20.25810
-21.06535
-21.18597
-20.72854
-20.27999
-19.13590
-19.79791
-20.21121
-21.09448
-22.61156
-21.98157
-22.06703
-22.06703
-21.11690
-20.80820
-20.80820
-21.16365
-21.46985
-20.77970
-21.13751
-20.75348
-20.42514
-21.39567
-21.27002
-20.34539
-21.77014
-21.14759
-21.42969
-21.27081
-20.39819
-20.44091
-20.07145
-20.24475
-19.86448
-19.32993
-19.12882
-17.71339
-16.63578
-16.47653
-17.48305
-17.46721
-17.38438
-17.16971
-17.96376
-19.27198
-19.27198
-19.46965
-22.15998
-22.41238
-23.28425
-23.23343
-22.82038
-22.82038
-24.98493
-25.27578
-26.21480
-26.10235
-26.15494
-25.70639
-24.94056
-25.65274
-26.43540
-27.03778
-25.12988
-24.93130
-24.86946
-24.07976
-23.77927
-22.00507
-22.08840
-21.32824
-20.74027
-19.91644
-21.38746
-22.43223
-22.62917
-23.55608
-23.05642
-23.05642
-24.96098
-24.96098
-24.54228
-25.15135
-23.83600
-23.19088
-23.17280
-23.21929
-22.69957
-22.69957
-24.82592
-24.87995
-23.90251
-25.52381
-25.68893
-26.39671
-25.80206
-25.35550
-26.48417
-27.09688
-28.10812
-27.53689
-28.22097
-26.13179
-26.13179
-26.13179
-25.32612
-24.78667
-24.44933
-25.13754
-25.93332
-25.72048
-26.38755
-25.46825
-25.61541
-26.16253
-25.81828
-24.72754
-24.64564
-25.86540
-25.69258
-25.09673
-23.79978
-24.61084
-24.34209
-23.45807
-22.35439
-21.67928
-21.54613
-23.04480
-23.04480
-23.11293
-24.59232
-21.33076
-20.80831
-19.23542
-20.19067
-20.19067
-20.53905
-20.86681
-22.26729
-21.22380
-20.25502
-22.81051
-22.08965
-21.88055
-22.65000
-25.29105
-24.75236
-24.39741
-22.65069
-21.48618
-21.06057
-21.06057
-21.06057
-21.59204
-21.04138
-21.59124
-23.38385
-22.12325
-21.91885
-21.42319
-21.29425
-21.29425
-21.26803
-20.82724
-21.25140
-22.82041
-22.78781
-22.50519
-22.98570
-21.74785
-22.59548
-22.59548
-24.44320
-24.97880
-26.02416
-25.63859
-24.79213
-24.63506
-23.66024
-24.60118
-24.04212
-23.07210
-23.24475
-23.84234
-23.94968
-21.49119
-22.19815
-21.24899
-19.49077
-19.36685
-20.25754
-20.54653
-20.95247
-20.90691
-20.85408
-22.85254
-22.21822
-21.97425
-21.97425
-21.14922
-21.52499
-20.48524
-19.56156
-19.81025
-18.92598
-19.27415
-18.84654
-18.22966
-18.46085
-19.32748
-19.69971
-19.97947
-19.97947
-19.51696
-20.43275
-19.94894
-19.84583
-20.04368
-20.25401
-20.77739
-22.53350
-22.15412
-21.38856
-21.84462
-21.65399
-20.66948
-19.13831
-20.11226
-19.71735
-21.31467
-21.31467
-22.51534
-21.20488
-19.98324
-20.19444
-19.12898
-19.35405
-19.24259
-19.51188
-17.34392
-16.32929
-16.67850
-17.47922
-16.81126
-14.88762
-15.21838
-15.50715
-16.95269
-18.91210
-18.70679
-20.08307
-21.13144
-21.15289
-22.72798
-23.33137
-25.31663
-25.13928
-24.80217
-24.80217
-23.99362
-23.44630
-23.44630
-23.33620
-20.84508
-20.06110
-19.79801
-20.45193
-22.84466
-21.86434
-21.86434
-21.05200
-21.62043
-22.32867
-22.85330
-23.40279
-24.00913
-22.71958
-20.50882
-21.22731
-19.63432
-21.33843
-21.55451
-22.53518
-20.90035
-18.83086
-18.25291
-18.79845
-18.28975
-18.28975
-17.80540
-15.96708
-14.92301
-15.81650
-14.94750
-15.60454
-16.62557
-18.20568
-18.29161
-18.00007
-16.88246
-18.01634
-17.96227
-17.96227
-18.83318
-18.27029
-17.60471
-17.78140
-17.29974
-16.87243
-16.40414
-17.92951
-17.92951
-18.22278
-18.82502
-18.39354
-18.64653
-17.83178
-17.73030
-18.67287
-19.57050
-19.54950
-19.13512
-18.08870
-19.43427
-20.75283
-21.46581
-19.71958
-21.11419
-20.10868
-19.77737
-19.49295
-21.38633
-19.99856
-20.58008
-21.45085
-21.45085
-23.56868
-24.69774
-21.41574
-22.46344
-21.16647
-22.51739
-22.54989
-22.51757
-21.57211
-23.25988
-22.64982
-22.34975
-21.58968
-22.05696
-22.48997
-23.52468
-23.52468
-22.89409
-21.94101
-19.99071
-19.98838
-19.08668
-18.95086
-17.16905
-16.69585
-17.65540
-17.65540
-17.87700
-18.15847
-18.15847
-18.58600
-18.75926
-19.59254
-22.34807
-20.46601
-20.92388
-21.63736
-20.09515
-19.22532
-18.71268
-20.81557
-21.35552
-22.55918
-22.55918
-21.37216
-21.78228
-22.91949
-21.04053
-19.59740
-20.14397
-20.01638
-20.01638
-19.16821
-18.28871
-19.07580
-19.07580
-19.89539
-20.97748
-21.88002
-21.58071
-20.87647
-20.78781
-21.28058
-18.62316
-17.51392
-19.92087
-19.92087
-20.20800
-20.38670
-20.35924
-19.94803
-18.26982
-16.80249
-16.51541
-17.18704
-19.76446
-21.93284
-22.33993
-22.41132
-23.43792
-22.88286
-23.33622
-24.06852
-23.85805
-23.99908
-23.39449
-22.34638
-23.33305
-22.86364
-22.92009
-22.81756
-22.46701
-20.57464
-20.92552
-19.52815
-19.05100
-19.70524
-19.92079
-19.83916
-18.30851
-19.47402
-19.27212
-18.18822
-18.39968
-17.47559
-16.74443
-18.06583
-17.72293
-15.55141
-15.55141
-13.49796
-13.04077
-15.42472
-14.13500
-13.32376
-15.58464
-16.01225
-16.01225
-16.60860
-19.01652
-17.72654
-17.32360
-17.11154
-17.11154
-17.16975
-15.39685
-15.92524
-15.81185
-17.83149
-16.84152
-17.35773
-17.66531
-18.83105
-19.35292
-20.61564
-21.06375
-22.03191
-23.77807
-23.31853
-23.31853
-24.38832
-23.93364
-23.10657
-22.50538
-24.22346
-24.00820
-23.57777
-23.45106
-23.33455
-23.33455
-21.94008
-20.85488
-19.83970
-20.31684
-20.06936
-20.24213
-20.65144
-20.65144
-22.00924
-21.94962
-23.01440
-22.31545
-22.98584
-21.84069
-21.30571
-20.84538
-20.07661
-20.39041
-18.76940
-17.51618
-16.47189
-16.30140
-15.76993
-17.15927
-17.15927
-17.71479
-18.27353
-18.42294
-17.81484
-16.91962
-16.07972
-16.88149
-17.86064
-18.62544
-18.25551
-18.96093
-19.20251
-18.12866
-17.72991
-17.42440
-17.42440
-17.37708
-16.40934
-16.38819
-17.62157
-18.15521
-18.15521
-19.76106
-20.57846
-19.87099
-20.74865
-20.16802
-19.92476
-19.43718
-19.41888
-19.95417
-19.36349
-20.24236
-19.95895
-18.97722
-18.72411
-18.53817
-18.69928
-19.35130
-20.37449
-20.37449
-19.52321
-20.28935
-20.08603
-20.08603
-20.26041
-20.39153
-21.92895
-21.73198
-21.74086
-21.70230
-21.70230
-21.01716
-21.79416
-21.29070
-22.92265
-23.08036
-23.38009
-24.61419
-23.43961
-22.27816
-22.77953
-22.30337
-21.39603
-21.11585
-21.17549
-21.32013
-21.55924
-24.07980
-23.88498
-23.78982
-22.64981
-22.60063
-21.97124
-21.11448
-22.65508
-23.64878
-23.28616
-19.80014
-20.92478
-19.78359
-19.78359
-18.84935
-19.02304
-18.24669
-17.12006
-16.63841
-17.87591
-18.53553
-18.34042
-17.63647
-17.57788
-18.04571
-17.34017
-16.42638
-15.51919
-14.23652
-12.34636
-11.97058
-12.35532
-12.35532
-12.57306
-12.30892
-13.75189
-14.73377
-14.52487
-16.25620
-15.66915
-14.95495
-17.54840
-19.44858
-19.60253
-19.85840
-21.85626
-20.30668
-21.22932
-21.09738
-21.72736
-21.12886
-20.92626
-19.30310
-22.01486
-23.48341
-22.17066
-22.27738
-22.83573
-22.85951
-21.51064
-20.29870
-18.83702
-19.04224
-19.91892
-18.43987
-20.03577
-20.46526
-20.46526
-21.80878
-21.21301
-21.21301
-22.48285
-22.48285
-22.48285
-21.42126
-21.89804
-20.99192
-21.72593
-22.27254
-23.77523
-24.47424
-24.78306
-23.67917
-22.46060
-22.94422
-21.31973
-21.64831
-23.29344
-22.60836
-22.41935
-21.90814
-21.67537
-20.08837
-19.70336
-20.24625
-20.45063
-19.92866
-20.33980
-21.65643
-21.17103
-20.42653
-21.20828
-20.21429
-18.47230
-17.62165
-17.59434
-17.53246
-17.92827
-17.70937
-17.90290
-16.13294
-16.21535
-17.27384
-18.11942
-17.75806
-16.53053
-16.53053
-18.43493
-17.47911
-16.48290
-16.32404
-16.46692
-17.21281
-16.35295
-15.24614
-15.85288
-15.68367
-15.34809
-15.34809
-16.23029
-15.99034
-15.40137
-16.36460
-15.56538
-15.60554
-16.26056
-16.76418
-16.34082
-16.36574
-14.72746
-14.21062
-14.21062
-14.72124
-16.38808
-15.82941
-14.72777
-15.53392
-15.53392
-15.05908
-15.05908
-15.42178
-16.42688
-18.35453
-17.98526
-20.11684
-19.63372
-18.79733
-18.01373
-16.84954
-16.71328
-16.71328
-16.11445
-17.11491
-16.67161
-17.54935
-18.84460
-18.36635
-19.28691
-19.07174
-17.95387
-19.54883
-19.93606
-19.50050
-20.06964
-20.36122
-20.51760
-20.51760
-20.08251
-20.12498
-19.43100
-19.87236
-18.41374
-20.68775
-21.12449
-20.39184
-21.11778
-21.90759
-22.40285
-21.53401
-21.81476
-21.81476
-22.30284
-22.07624
-22.17361
-22.59857
-22.32045
-22.27036
-23.27427
-22.52120
-22.65090
-22.65090
-20.86283
-21.59331
-22.21532
-21.35777
-21.10599
-19.61280
-18.07612
-17.69099
-18.29766
-19.47622
-19.86926
-20.35626
-18.96593
-19.35555
-20.97326
-20.38594
-20.38594
-21.34210
-20.11273
-20.79170
-21.15210
-21.35140
-21.35140
-19.37745
-17.58476
-15.03591
-13.77669
-13.78583
-13.72382
-12.87884
-12.14668
-13.71313
-14.16684
-14.33969
-16.42330
-16.21128
-16.41496
-16.15893
-16.15893
-15.19264
-15.07741
-17.05778
-15.92409
-16.92714
-16.92714
-18.74342
-16.83361
-17.23755
-16.67224
-16.74817
-18.26392
-18.26392
-18.63000
-20.62738
-20.83158
-21.23103
-20.76085
-23.53991
-25.24422
-24.09093
-23.37547
-23.37547
-22.16368
-23.10393
-23.40160
-23.40160
-22.85378
-22.60336
-22.17176
-21.59869
-21.25003
-21.01482
-19.89344
-19.08742
-20.17983
-20.17983
-20.72004
-21.23285
-20.26723
-19.13721
-19.75518
-19.08643
-19.33084
-19.88462
-19.54774
-22.53408
-24.84175
-25.49350
-25.49350
-26.97705
-28.23881
-25.63604
-24.78762
-24.56095
-23.54675
-25.56285
-24.77027
-25.34949
-26.44570
-26.20236
-24.77645
-24.69077
-23.01670
-22.90147
-22.25190
-21.84252
-22.32172
-21.96939
-21.96939
-19.30074
-19.04177
-18.94424
-18.38539
-18.42164
-18.50633
-18.64727
-18.48771
-17.76227
-17.15904
-17.68534
-17.80437
-16.90649
-16.05118
-16.10547
-16.24090
-16.05671
-17.25552
-15.69806
-14.82723
-16.03439
-15.85789
-16.40213
-16.38795
-15.93635
-17.83906
-17.52145
-16.13291
-13.90995
-13.07602
-12.65737
-13.43109
-14.10981
-14.91527
-14.81092
-14.30925
-13.22901
-15.32603
-15.32603
-14.88643
-12.61918
-12.58811
-11.98730
-10.50880
-10.48464
-10.24072
-10.60870
-11.51137
-12.25432
-14.33250
-15.88336
-15.31861
-17.09458
-17.72376
-17.61658
-19.28129
-19.28129
-19.33763
-18.87096
-18.87096
-19.57124
-20.16970
-20.96010
-18.40620
-17.79994
-18.19375
-16.62735
-17.70452
-16.74815
-17.10600
-17.42566
-17.81499
-17.45552
-17.48949
-18.79325
-17.05297
-17.31973
-17.28452
-18.05441
-17.87554
-18.27678
-17.96157
-17.12146
-17.12820
-17.78299
-18.18880
-18.31622
-19.55166
-21.16255
-22.08944
-25.53828
-25.55390
-26.05778
-25.53843
-25.38345
-25.27022
-24.08971
-23.32249
-25.03562
-25.25252
-25.58643
-24.72719
-25.60843
-25.60843
-26.57468
-25.59837
-27.49703
-26.67665
-27.85290
-26.66940
-27.27147
-27.90552
-31.21149
-31.89582
-32.29577
-30.62870
-31.59123
-33.13148
-30.39876
-29.82665
-29.00146
-29.70566
-30.29503
-30.97592
-30.07839
-30.02318
-29.03300
-27.71990
-27.92724
-27.92724
-27.01214
-26.90025
-27.00509
-27.79322
-27.64840
-27.67282
-28.08121
-27.20753
-25.71279
-24.56238
-25.41747
-24.38222
-24.43630
-25.20305
-24.90315
-25.45259
-24.57592
-25.07056
-25.06231
-24.15849
-23.43123
-22.30422
-23.37762
-23.69405
-22.58753
-22.50523
-23.19981
-22.08614
-23.08401
-19.54956
-19.66653
-20.32733
-20.09739
-20.09739
-19.39478
-19.18991
-19.70946
-20.20796
-19.37951
-18.69382
-19.71825
-18.79851
-18.28955
-17.68402
-17.68402
-18.40767
-17.83424
-18.24332
-18.24332
-18.17029
-18.14531
-18.80231
-19.83882
-19.19459
-18.89452
-18.71971
-17.60739
-17.32623
-17.71056
-19.01908
-20.18542
-19.51088
-19.67046
-18.67114
-17.07604
-17.59165
-18.62574
-20.11472
-17.95728
-17.95728
-19.59518
-18.50931
-17.44797
-16.64438
-15.97174
-17.52472
-16.97036
-17.38103
-17.83060
-18.02605
-18.51846
-19.67682
-18.94424
-19.67473
-19.38191
-20.52712
-21.01437
-21.01437
-21.44153
-21.44153
-20.30650
-18.10946
-18.51355
-17.62893
-17.62893
-17.68209
-17.77391
-17.17986
-17.71023
-17.86125
-19.58872
-19.26412
-19.78757
-18.37036
-15.80851
-15.91944
-16.04500
-15.84630
-15.62193
-16.01632
-16.27114
-14.37953
-14.03072
-14.15893
-14.23273
-14.25219
-13.85348
-15.08488
-14.05736
-15.08488
-14.66722
-14.62624
-14.44535
-16.72490
-16.88472
-18.60468
-19.52489
-18.35970
-19.06596
-17.86000
-18.23692
-17.69351
-18.56842
-18.38659
-17.98488
-17.60686
-16.80815
-16.80815
-15.78123
-15.66392
-16.25804
-16.25804
-14.72163
-14.56446
-15.76822
-15.84495
-15.93216
-16.18074
-15.56001
-16.65164
-16.92243
-16.64081
-16.27564
-16.83647
-16.69042
-17.76368
-17.88582
-16.91492
-16.91492
-18.17621
-18.99527
-18.68027
-21.23872
-19.48509
-19.41313
-17.74923
-16.94603
-16.94603
-17.82091
-19.66672
-19.66672
-19.13893
-21.30004
-20.02569
-19.06490
-19.39072
-21.98420
-21.46838
-20.65762
-20.65762
-20.65762
-21.17357
-19.78883
-20.57468
-22.45696
-21.64001
-20.96883
-19.30274
-18.33217
-19.37263
-18.58843
-18.27145
-17.43476
-17.06592
-16.37262
-16.15374
-17.12424
-15.84423
-14.74364
-14.71466
-14.22329
-14.29895
-13.40287
-11.61922
-11.75362
-12.84505
-13.09551
-15.61172
-15.99699
-17.10248
-16.65808
-16.86632
-15.60791
-12.39244
-11.02347
-12.39437
-12.54420
-12.61660
-13.82424
-15.53902
-16.92471
-14.45864
-14.33865
-14.90036
-14.85157
-14.85157
-14.42541
-15.07620
-15.73738
-15.44473
-15.07138
-15.25373
-16.22321
-16.26953
-16.93233
-16.43821
-16.49297
-16.20017
-16.20017
-15.30112
-15.54536
-16.72631
-16.94679
-16.94679
-16.87276
-16.03769
-15.44108
-15.16542
-14.21928
-13.79604
-14.40262
-16.77642
-17.83260
-16.58752
-17.29617
-18.64697
-19.24717
-19.58514
-18.71645
-19.87176
-23.66672
-23.33342
-23.33342
-23.90817
-25.33385
-23.75168
-23.46471
-23.26337
-22.69887
-22.80531
-20.73538
-20.99052
-22.18364
-21.20538
-21.21635
-19.86308
-21.13571
-21.67164
-23.65122
-21.31065
-22.87587
-22.44935
-23.16489
-24.59073
-26.49732
-27.53275
-28.28708
-28.28708
-31.54109
-32.60710
-33.61158
-33.91624
-32.80544
-32.80544
-32.50221
-32.57237
-34.90691
-34.08983
-35.63961
-35.45325
-34.94558
-35.63884
-35.91387
-35.86642
-36.64949
-36.30789
-36.74524
-40.49041
-40.42852
-43.06764
-42.11642
-41.38427
-42.48748
-41.84711
-41.34587
-42.26060
-42.21201
-41.28888
-42.59159
-42.13241
-40.12410
-40.93340
-40.09222
-39.60692
-40.07408
-41.73795
-41.17286
-39.32824
-39.32824
-40.84985
-40.84985
-39.45758
-39.79934
-40.43230
-40.43230
-39.70386
-39.70386
-38.48194
-38.41335
-37.99397
-36.94152
-36.94152
-36.18682
-35.85432
-36.01287
-36.03944
-36.08878
-36.64079
-35.35739
-35.82461
-36.11255
-35.94246
-34.76866
-35.93584
-35.20659
-36.18372
-35.47798
-34.09135
-33.26358
-30.74286
-30.27479
-29.66442
-27.48439
-26.73630
-27.90280
-25.42072
-24.98902
-23.36036
-24.30138
-23.49400
-23.95373
-23.16846
-23.22259
-23.22259
-23.06569
-22.40890
-23.03466
-22.62904
-22.62904
-21.93272
-21.93272
-20.41402
-19.40873
-19.40873
-19.80754
-17.87635
-16.79339
-16.21468
-14.91615
-15.81459
-16.53901
-16.99063
-16.99308
-16.95937
-16.89207
-18.89282
-18.84681
-19.60814
-18.87073
-18.59806
-18.43629
-17.39263
-18.14034
-16.23922
-17.57134
-18.73724
-17.55387
-16.13636
-16.77578
-15.72466
-14.96673
-15.73466
-15.73466
-16.48605
-18.36213
-19.90277
-20.71196
-19.79939
-19.59334
-20.88048
-21.05132
-20.08644
-19.31905
-18.05673
-18.05673
-18.09465
-17.51828
-16.22064
-17.94379
-17.38559
-17.39526
-18.04538
-19.41720
-19.18660
-19.60880
-22.10157
-22.06776
-23.43056
-24.20731
-25.88496
-26.44616
-26.86992
-27.39085
-26.45056
-25.34698
-24.99916
-22.88909
-20.93120
-22.05307
-22.05307
-22.85425
-21.48655
-21.42413
-23.03523
-23.39446
-23.16437
-23.16437
-23.97614
-22.80717
-23.49349
-21.93058
-22.54856
-21.90484
-22.88941
-24.22643
-22.44832
-23.83215
-24.27895
-23.33652
-23.33643
-22.99589
-25.22112
-24.74090
-26.06682
-23.83275
-22.34946
-23.08983
-23.00075
-21.72918
-22.03650
-23.09524
-26.57911
-25.68931
-26.81485
-27.78664
-28.11956
-30.05206
-30.37081
-29.81376
-28.70644
-29.21285
-29.21285
-30.17694
-30.34260
-28.88608
-28.73472
-30.32876
-28.94488
-30.11384
-29.51336
-27.62168
-28.43117
-28.43117
-30.22309
-30.32537
-30.48568
-32.38395
-32.71820
-32.77462
-31.42253
-30.51393
-31.14861
-30.15998
-29.78247
-31.38927
-30.22890
-28.64604
-26.63345
-24.55409
-22.10629
-22.38450
-21.42931
-20.48501
-21.01567
-20.19777
-19.92294
-21.55239
-23.03672
-23.27272
-24.18061
-25.05267
-26.31790
-28.19110
-27.96362
-28.32491
-28.32491
-28.66612
-31.11504
-29.11731
-29.88786
-31.04746
-30.89512
-31.98495
-31.98495
-30.65205
-30.65205
-30.11451
-29.27184
-29.79857
-27.95027
-29.67283
-29.85649
-30.62000
-29.74635
-29.25993
-29.25993
-27.43898
-28.17815
-27.37297
-26.09625
-24.29733
-23.70392
-22.41056
-21.37143
-22.30102
-21.74333
-22.31171
-21.65766
-21.67740
-23.08225
-23.31654
-24.34178
-23.17133
-23.54083
-22.75469
-22.22977
-23.74478
-22.89250
-22.87867
-22.15092
-22.10319
-20.40012
-19.20200
-20.79596
-18.81337
-19.51958
-20.31839
-19.51349
-19.89667
-19.38509
-18.59363
-16.19969
-18.54471
-18.18347
-18.32865
-16.37402
-17.26368
-18.03283
-19.18495
-20.77526
-20.77526
-21.74753
-22.32107
-22.34585
-21.62239
-21.75847
-22.31396
-22.19662
-21.85071
-20.89868
-20.18332
-19.93248
-21.25182
-22.50320
-21.78240
-21.48106
-19.61805
-19.61805
-19.65571
-19.65571
-20.29569
-18.14614
-18.25295
-16.53731
-16.86299
-14.59121
-16.01326
-14.44276
-15.14669
-16.74151
-18.81015
-20.23214
-20.61581
-20.59902
-20.59716
-19.66997
-20.25012
-20.38605
-20.79487
-20.41779
-20.30040
-21.73428
-21.41774
-18.17170
-17.71552
-18.22458
-18.42077
-18.79056
-18.03043
-17.66897
-18.76609
-18.37617
-19.56383
-20.39515
-21.09467
-20.54305
-21.30303
-21.11469
-23.23459
-22.79361
-22.24945
-23.54487
-24.27612
-25.16310
-24.20107
-23.07276
-21.62622
-22.05162
-22.11353
-21.48498
-20.85930
-21.42484
-21.88598
-21.59326
-20.43561
-20.14322
-19.95896
-19.94938
-20.36821
-19.70018
-20.30470
-21.15707
-21.53871
-22.75209
-22.35851
-21.43754
-21.61547
-21.71385
-21.74412
-23.61872
-24.16422
-23.66349
-22.91769
-22.87681
-22.86054
-23.13803
-23.13779
-23.13779
-22.62246
-22.00759
-21.93359
-22.48077
-22.60216
-21.45972
-22.09403
-21.51974
-20.75104
-20.43688
-20.43688
-21.04831
-22.42366
-19.67984
-20.76999
-20.43394
-20.46976
-21.11724
-21.90942
-21.52558
-20.84067
-20.90768
-20.88744
-20.88744
-19.49928
-19.34884
-19.30245
-19.30245
-18.71203
-20.60513
-21.79099
-21.62034
-21.12005
-22.08681
-21.80577
-22.96218
-22.96218
-23.27682
-22.47748
-22.47748
-22.38346
-22.68471
-23.30306
-22.51831
-23.03248
-22.12264
-24.20992
-25.64198
-25.08789
-25.68247
-26.54072
-26.63876
-26.63876
-25.45977
-25.08776
-23.68572
-21.07065
-22.05265
-23.63676
-24.96816
-26.22135
-25.72086
-27.08525
-27.71320
-26.92711
-27.71320
-27.33921
-26.46321
-25.93220
-24.90586
-25.59362
-25.88893
-25.01326
-24.47274
-24.42439
-24.38500
-25.62431
-26.17768
-26.01834
-26.17768
-27.84693
-27.84693
-27.89779
-27.48467
-26.22571
-27.03657
-26.30731
-25.86553
-26.18088
-23.98207
-23.20608
-22.44925
-20.51823
-22.40868
-22.67375
-23.36779
-24.84096
-23.87645
-24.13948
-24.41740
-23.99822
-21.48034
-23.52197
-23.80146
-23.59031
-23.13605
-23.37315
-24.15606
-24.11005
-24.75503
-23.31942
-23.31942
-24.77271
-24.46471
-26.04350
-26.46065
-26.33909
-26.27773
-27.39045
-28.50605
-28.45013
-27.55185
-24.83672
-24.27164
-24.27164
-24.37763
-26.90921
-26.26945
-26.07137
-24.95379
-24.95379
-25.39626
-25.12817
-25.37640
-24.79654
-25.15354
-25.18756
-25.63482
-25.36322
-22.84217
-22.91262
-23.57219
-23.34647
-23.39923
-23.05495
-23.18585
-23.18585
-22.01593
-23.61480
-24.03615
-24.37018
-24.69920
-26.43318
-27.71295
-27.83312
-28.09832
-25.38684
-23.27939
-23.69371
-24.75826
-26.35366
-24.75826
-23.37003
-22.63628
-22.59190
-23.65923
-23.42700
-22.85605
-23.45705
-22.45152
-21.14095
-21.47714
-20.96755
-21.97238
-21.93708
-21.93708
-21.47219
-21.90837
-22.19034
-21.58526
-20.83144
-20.67594
-19.02895
-17.63161
-16.72452
-17.21044
-17.52960
-17.48082
-16.98332
-17.97265
-17.27899
-17.45884
-17.95452
-18.90338
-19.70114
-18.96417
-19.53791
-18.72170
-17.91531
-21.18012
-21.98171
-21.98171
-22.67535
-23.97740
-23.29813
-23.09793
-22.65010
-21.77417
-21.79251
-21.86061
-22.41262
-24.27866
-24.43723
-24.80566
-25.13995
-25.14815
-24.89508
-24.61708
-24.61708
-23.49659
-22.81096
-23.25081
-21.89722
-22.90676
-23.38915
-23.38915
-22.55079
-22.55079
-22.58300
-21.72310
-21.11378
-22.83646
-23.49533
-24.63280
-24.15136
-26.45707
-26.90531
-27.93604
-28.38562
-29.01013
-27.65717
-28.09237
-28.59361
-27.38668
-27.26676
-26.70922
-26.70922
-26.17545
-27.40227
-28.43385
-29.36794
-31.54780
-28.67710
-30.72728
-30.72728
-30.06096
-31.42360
-31.28514
-30.95936
-32.11398
-31.75416
-32.49221
-31.71881
-30.71921
-31.62337
-31.84190
-32.10955
-33.63631
-33.55486
-34.13681
-34.77848
-33.89291
-33.68324
-33.09980
-33.09980
-33.02026
-34.11380
-33.36555
-33.36555
-33.00326
-32.54984
-31.41375
-27.20763
-27.67559
-28.38838
-26.48846
-26.39788
-26.78017
-25.55847
-25.55847
-24.43671
-25.55946
-28.47236
-29.25953
-27.73308
-27.73308
-25.84009
-26.12060
-26.12060
-26.20281
-25.65589
-26.76875
-27.12513
-28.18208
-27.48404
-27.48404
-27.82665
-28.08924
-29.67316
-29.44321
-29.05974
-27.32354
-25.87648
-27.30175
-27.60132
-27.60132
-27.37485
-27.62988
-26.38697
-27.54202
-29.01559
-30.09800
-30.24995
-30.24995
-28.75629
-29.10414
-27.79657
-27.79657
-28.54527
-26.64205
-26.36120
-26.95111
-26.62944
-26.88016
-27.00127
-25.01670
-25.21118
-24.63427
-21.15405
-21.60026
-19.76168
-18.69136
-18.74998
-20.07131
-20.07131
-21.19118
-20.05731
-19.35177
-19.04679
-20.59501
-20.45410
-20.41266
-19.03870
-21.69041
-23.55326
-24.37632
-26.11971
-25.06673
-25.06673
-26.08934
-26.19336
-25.45226
-23.54703
-24.01287
-23.81348
-23.30121
-22.86690
-20.45517
-19.81431
-20.69110
-21.28846
-22.20373
-23.36943
-22.22823
-21.87877
-23.29392
-23.29392
-24.22960
-26.32078
-27.52224
-26.20083
-25.16099
-24.08807
-24.08807
-24.07908
-22.11792
-22.11792
-23.79262
-23.09943
-23.37531
-25.57917
-25.45988
-25.04236
-24.85329
-24.62899
-26.16807
-25.92797
-24.76537
-25.22211
-23.49841
-24.80128
-23.55494
-22.73965
-22.73965
-23.22981
-22.07570
-22.01858
-22.95377
-22.62131
-23.25690
-23.28657
-24.15689
-23.68239
-23.91783
-21.89480
-22.88952
-24.16109
-22.88021
-21.78136
-20.89698
-20.73762
-22.75496
-23.27663
-23.78388
-24.03010
-23.86725
-22.79542
-23.24017
-23.01791
-23.35937
-23.47137
-22.45037
-21.77135
-21.87201
-21.45892
-19.45928
-18.89803
-18.86175
-19.63046
-20.31368
-20.57639
-20.04692
-19.84662
-19.69944
-19.88278
-20.61895
-21.68508
-21.32735
-20.27531
-19.03359
-19.03359
-19.86872
-19.88581
-17.87702
-19.21220
-19.21220
-18.91945
-19.45571
-21.45680
-18.97313
-18.74302
-21.04914
-19.57100
-19.64167
-20.06447
-20.06447
-20.08595
-20.43754
-21.26930
-21.25533
-22.95482
-22.95482
-21.90942
-20.82273
-20.65243
-20.47976
-21.63904
-21.23317
-21.35491
-21.01308
-19.05396
-18.54738
-18.11991
-19.09357
-20.41908
-21.71927
-21.44049
-21.20319
-20.29020
-21.99141
-20.73759
-20.86229
-18.80710
-19.47771
-19.89400
-19.96845
-18.35817
-18.46485
-19.38489
-18.53141
-19.20107
-19.20107
-18.21969
-18.91950
-18.78810
-18.58660
-18.18526
-17.10192
-16.37910
-13.88969
-14.57275
-14.57275
-14.07600
-13.85444
-14.12110
-14.76874
-13.77150
-13.07087
-13.87764
-12.69762
-12.58396
-12.12200
-11.76323
-12.18431
-11.40204
-13.57540
-13.21727
-13.00695
-13.54826
-13.54826
-11.60530
-10.40630
-11.61188
-13.36876
-14.91763
-14.91763
-15.28582
-13.72241
-13.90165
-12.84222
-13.22607
-13.81069
-13.81069
-14.67866
-13.26236
-13.28327
-12.40810
-11.65084
-12.17406
-13.95186
-12.97156
-12.31383
-13.16829
-13.16829
-12.30270
-15.14431
-15.86780
-15.12598
-15.95164
-16.50507
-16.50507
-15.58245
-18.08603
-17.49976
-16.46416
-16.84552
-15.09943
-15.87680
-16.70606
-16.57094
-18.28977
-18.98804
-19.36207
-20.75193
-20.19646
-20.57457
-22.30149
-22.66364
-23.06697
-20.80004
-22.12047
-22.08438
-23.64851
-23.44025
-24.59409
-24.66830
-24.78366
-24.78366
-22.47348
-22.48104
-23.81982
-24.06986
-24.77424
-24.63585
-23.90377
-24.51356
-25.60753
-26.94845
-26.97012
-25.98954
-25.24636
-25.30637
-25.15223
-24.41197
-25.84015
-26.39259
-25.65012
-26.41772
-26.41772
-26.41772
-26.78445
-26.23379
-26.41659
-26.49016
-26.62739
-27.17949
-26.49117
-26.48142
-24.76150
-24.27048
-24.30177
-24.03677
-22.92975
-23.42100
-21.91424
-22.58987
-20.03789
-19.29960
-21.35793
-22.00296
-20.80378
-20.99077
-20.85752
-20.74807
-23.55531
-24.02300
-23.88765
-24.79025
-23.35927
-23.38142
-22.87314
-23.74466
-24.55263
-24.87256
-24.87256
-24.70723
-23.85146
-20.85834
-19.31075
-20.12301
-18.44691
-18.86916
-18.91575
-20.95041
-20.31890
-22.07070
-21.61772
-22.19677
-22.66326
-21.45066
-21.78726
-20.18480
-21.09236
-20.90152
-18.64250
-17.86847
-17.04232
-17.87428
-18.68428
-19.90923
-19.67999
-21.26388
-19.73722
-19.73722
-20.45852
-19.72631
-18.94537
-18.60874
-19.32711
-20.40345
-20.60212
-20.02448
-18.41013
-19.38118
-19.67841
-19.99171
-19.99171
-18.76743
-20.22061
-18.71245
-18.33777
-18.12647
-17.42588
-17.91540
-17.51904
-17.44567
-17.90037
-17.90037
-17.49577
-17.10383
-17.50592
-17.38228
-17.65669
-18.03434
-18.66792
-18.66792
-18.66792
-18.48588
-19.05564
-19.18750
-17.75357
-18.51954
-18.91648
-18.77344
-18.77344
-19.23149
-19.31186
-19.45115
-19.85250
-19.14476
-18.69662
-18.42194
-18.24100
-18.77466
-18.40590
-18.76333
-19.60384
-20.09036
-21.70237
-22.11979
-21.90572
-20.71895
-19.42048
-19.40372
-19.60546
-19.18670
-18.61989
-20.16706
-20.16706
-19.36205
-19.36205
-19.62740
-20.74070
-20.22799
-20.60135
-22.53190
-21.41761
-21.81207
-20.30907
-19.91583
-19.25814
-20.58022
-19.56081
-19.56081
-18.81098
-19.18446
-16.99228
-18.12022
-18.62879
-17.68923
-18.02180
-17.94215
-17.38614
-18.45023
-17.05231
-15.60349
-14.58966
-16.24241
-17.42513
-18.36402
-18.01206
-16.92150
-18.38544
-19.25894
-17.56565
-18.42126
-18.16464
-19.70222
-21.39193
-21.91638
-22.06910
-21.97296
-22.99885
-23.47465
-23.96852
-22.50508
-22.48579
-22.50552
-22.95212
-22.85857
-23.43496
-23.76665
-23.40871
-23.40871
-23.68278
-25.75245
-27.88042
-29.80162
-29.80162
-26.88111
-26.16122
-24.31110
-25.03954
-26.00557
-25.37140
-26.04707
-26.26520
-24.52975
-24.52975
-25.23609
-27.38331
-28.44161
-27.68722
-28.26173
-28.13630
-26.47385
-26.64521
-25.58869
-24.22280
-26.66972
-25.96881
-25.88188
-25.27432
-24.91878
-24.88387
-23.71481
-25.77143
-25.77143
-25.77143
-25.70135
-24.94829
-25.26283
-24.67636
-23.55353
-23.94060
-23.77752
-24.46130
-24.45401
-23.75903
-22.96238
-22.17591
-20.80050
-24.65198
-24.58479
-25.76200
-26.57220
-28.17033
-28.17033
-27.57632
-27.57632
-29.61336
-30.01723
-29.27362
-29.96157
-29.31159
-29.82559
-29.24164
-30.71448
-30.36357
-30.05941
-28.08225
-28.41746
-28.41957
-29.10882
-27.42710
-27.71716
-25.80390
-25.06189
-25.66431
-25.32155
-24.85146
-23.89855
-23.89855
-24.34237
-24.34237
-24.34237
-25.36078
-26.39681
-24.43357
-24.22831
-25.97822
-25.40465
-24.43847
-22.65277
-22.43598
-23.01014
-20.33929
-20.11806
-20.90199
-20.02206
-19.45820
-20.31222
-19.76534
-23.69168
-24.57481
-26.50777
-27.62180
-26.50777
-27.05245
-28.11929
-28.46122
-29.39618
-29.80483
-29.48086
-28.61266
-30.81631
-29.63673
-30.37221
-32.37123
-31.73558
-29.10784
-28.04255
-29.02592
-30.17292
-31.66651
-32.70458
-33.28273
-32.44951
-31.94718
-31.38437
-31.38437
-32.39374
-30.53097
-29.92224
-32.69653
-32.69653
-31.46354
-30.26591
-30.90216
-30.80596
-31.59020
-29.98594
-30.56249
-30.17143
-30.17143
-30.65297
-31.25204
-31.76843
-29.52697
-29.20294
-29.20294
-28.83093
-30.40965
-30.57559
-31.90800
-30.92324
-30.86326
-31.04315
-30.54341
-32.28985
-32.87665
-30.46129
-31.26296
-32.94639
-32.85929
-32.59026
-34.01887
-34.31719
-33.83322
-33.70259
-33.20607
-33.75760
-31.39140
-31.39140
-32.43582
-31.46720
-31.88677
-31.79780
-31.24966
-27.91765
-27.79464
-28.20707
-29.42358
-29.63308
-28.69367
-28.06189
-28.06189
-27.87315
-28.29203
-26.35485
-25.52663
-25.78543
-25.24836
-25.09431
-24.03216
-24.03216
-23.13650
-22.99261
-22.99261
-23.44211
-22.67838
-22.21189
-21.63512
-21.45923
-21.62510
-23.72009
-24.22835
-24.84153
-23.76257
-24.50418
-26.03570
-26.29122
-26.70357
-25.78355
-26.04813
-25.39843
-25.41364
-24.09742
-23.93240
-21.84171
-23.51628
-24.98924
-25.15627
-26.72532
-28.25779
-30.06011
-29.98066
-30.02718
-29.53368
-29.53368
-30.16651
-29.86205
-30.21932
-29.16014
-28.08538
-27.01341
-26.65712
-26.65712
-26.45216
-26.09519
-24.35919
-24.35919
-23.80124
-23.92442
-23.44782
-22.23938
-21.84702
-21.21861
-20.87639
-22.50248
-22.66847
-22.22708
-22.54024
-21.09193
-22.11324
-22.40899
-22.40899
-22.86302
-23.34377
-23.34377
-23.50956
-22.94539
-22.05106
-22.46378
-22.58876
-21.79431
-21.62031
-22.96089
-21.04311
-20.29921
-20.79273
-20.35689
-20.32818
-20.28505
-20.28505
-20.91612
-21.13995
-21.12154
-21.86075
-22.30675
-21.17286
-20.41842
-21.24912
-19.24050
-19.72639
-17.84035
-18.19768
-17.12696
-17.18193
-18.75547
-20.71005
-19.89619
-20.61996
-20.87334
-21.67671
-21.74703
-21.95961
-21.46609
-21.53629
-21.48458
-21.61104
-21.61104
-20.58221
-19.90502
-19.90502
-21.70347
-20.12086
-18.82863
-21.67192
-20.55145
-20.93845
-21.49297
-21.83718
-22.51410
-22.10633
-20.77085
-21.65523
-19.84859
-18.59365
-18.71941
-18.42695
-16.86075
-17.76086
-19.69568
-20.63980
-20.46904
-19.73928
-19.11476
-17.89753
-16.00588
-15.33960
-15.12957
-18.11648
-17.28607
-17.71519
-17.03827
-18.12510
-18.56279
-19.02226
-17.36570
-16.55894
-17.42327
-16.36248
-18.12615
-18.96463
-20.48846
-19.13168
-19.16120
-20.60102
-20.19588
-20.75705
-18.97813
-20.04586
-18.09114
-16.89963
-17.26193
-16.50927
-15.58333
-15.84108
-16.22291
-17.98877
-18.62330
-18.92273
-18.95164
-19.68421
-20.77110
-18.34431
-18.82077
-19.31125
-17.78651
-18.58025
-18.25364
-17.05330
-14.72574
-15.55433
-13.70325
-13.70325
-15.43280
-16.75319
-17.27120
-16.96485
-17.48078
-16.72655
-17.23797
-19.13907
-17.37491
-17.19632
-17.87085
-18.86691
-19.66434
-18.92790
-18.78873
-18.81161
-18.64789
-18.32565
-16.40179
-14.14742
-12.63095
-13.10287
-14.32834
-12.71960
-11.10854
-10.13589
-9.27646
-10.52472
-10.71759
-10.15618
-10.47132
-10.46818
-10.77004
-11.51966
-11.83521
-11.54932
-12.88895
-12.16566
-12.16566
-12.30904
-10.08137
-10.08137
-9.98090
-11.45797
-11.68786
-13.52083
-14.09178
-14.38226
-12.76317
-14.39230
-12.53209
-13.98282
-14.70273
-15.80908
-16.46708
-15.77463
-15.84868
-18.14462
-18.49847
-18.97799
-18.40681
-17.94574
-17.26270
-16.45508
-17.18343
-17.19467
-18.18737
-18.07911
-17.39748
-16.96676
-16.99766
-16.77857
-16.77857
-15.85723
-16.87359
-17.01760
-15.62253
-15.76470
-15.76470
-15.76470
-15.30619
-14.80519
-15.74650
-16.85815
-17.72400
-18.43025
-17.88260
-19.37994
-19.87668
-20.16735
-20.32891
-19.34392
-19.18810
-18.66769
-16.75892
-16.75892
-16.75892
-17.21959
-15.61707
-14.97738
-13.23022
-14.85674
-14.00648
-13.87843
-14.06174
-14.80679
-13.39625
-11.29645
-12.05798
-12.47799
-13.31205
-11.63348
-12.69021
-13.11506
-13.08686
-13.98042
-14.88963
-14.88963
-16.76954
-18.07547
-18.88356
-19.76739
-22.26536
-21.90105
-23.14860
-23.23519
-23.81135
-23.16572
-22.84761
-22.45310
-24.30197
-25.07856
-25.51580
-25.51580
-25.84690
-25.33924
-25.65063
-25.96662
-25.10289
-24.68917
-25.67757
-25.89244
-26.30495
-27.10052
-26.59149
-26.31468
-26.93941
-24.98553
-24.98553
-25.28116
-28.26316
-28.92804
-30.10789
-30.10789
-31.35508
-30.86653
-30.68586
-31.31699
-31.31699
-30.57880
-31.92617
-32.86727
-31.49165
-28.31397
-28.09661
-28.09661
-28.09661
-28.09661
-28.56705
-26.85296
-27.29441
-27.47968
-27.47968
-26.68187
-26.72981
-28.73800
-28.73800
-28.66397
-29.13012
-29.79275
-32.66734
-31.61377
-30.52502
-31.09629
-30.87818
-30.87818
-30.58212
-29.78499
-29.75489
-30.08848
-30.68800
-30.62331
-30.62331
-30.12030
-29.26557
-30.29300
-29.84521
-29.84521
-30.15327
-29.12313
-26.92397
-28.26201
-28.68761
-28.04241
-28.51583
-28.80902
-27.31204
-27.89960
-26.11640
-26.09245
-26.03094
-26.02795
-25.47898
-25.47898
-25.67267
-27.36821
-29.26325
-30.28422
-30.12636
-28.56179
-28.07773
-24.26633
-24.83490
-24.88266
-24.50762
-25.85004
-25.83005
-27.03613
-26.32857
-25.76542
-24.99235
-24.99235
-25.23590
-24.37848
-24.58268
-24.58268
-23.21248
-22.94016
-22.60711
-23.15383
-26.67742
-26.51155
-26.51155
-25.62026
-25.70202
-25.68819
-24.28430
-24.50082
-25.54160
-25.68843
-25.68843
-23.39383
-24.01075
-23.62644
-23.41788
-24.76006
-24.86867
-24.86867
-26.72203
-27.25911
-28.35980
-27.42454
-27.37002
-27.37002
-26.36254
-26.00476
-24.00904
-23.47590
-24.34902
-22.03857
-22.19422
-22.62329
-22.65831
-22.20505
-22.39462
-21.12862
-21.02529
-20.59297
-20.46862
-20.28298
-20.28298
-20.61226
-20.61226
-20.43679
-18.71752
-19.98911
-19.07350
-19.96012
-21.19847
-19.95069
-19.27050
-19.58677
-19.56265
-20.36345
-20.78530
-20.45488
-23.02409
-22.54157
-22.14353
-23.99801
-24.83759
-24.69539
-25.63886
-25.43554
-26.89981
-27.35554
-26.76278
-25.79926
-25.36483
-25.08138
-25.29644
-25.03453
-25.03453
-24.91112
-23.78738
-23.00423
-23.50547
-24.92323
-25.50786
-23.12025
-23.78517
-23.78517
-24.57919
-24.26086
-24.79671
-24.31545
-24.32189
-24.10324
-27.71590
-28.13033
-27.66884
-28.16927
-28.16927
-27.14460
-26.37186
-26.33224
-26.96684
-26.96684
-27.68154
-27.00926
-28.81360
-27.91283
-27.35769
-27.35769
-27.92063
-28.22856
-27.36303
-27.14898
-26.48997
-25.72323
-24.12924
-21.69186
-21.16111
-20.96880
-21.43713
-20.74867
-23.29504
-22.85944
-23.07633
-21.19118
-21.33600
-21.33600
-20.86247
-21.80778
-20.60908
-22.67640
-20.84681
-21.86871
-18.58933
-18.62828
-19.33786
-19.49926
-20.93596
-20.38552
-18.84921
-17.68935
-17.96412
-18.59978
-18.59978
-17.22035
-17.21590
-17.21590
-17.41438
-17.36196
-17.72255
-17.72255
-18.03649
-17.81415
-18.35626
-17.58694
-16.32558
-15.48780
-15.01527
-15.86077
-15.53022
-16.10932
-15.37691
-16.18571
-14.95420
-14.41727
-14.71731
-14.62681
-15.50942
-15.50942
-15.96603
-17.00457
-16.85891
-15.66990
-14.86989
-14.01191
-15.26926
-14.47924
-15.18406
-16.44172
-16.18333
-17.86808
-18.13217
-18.61588
-19.26547
-20.65756
-20.65756
-20.78489
-19.54766
-19.91450
-20.41811
-20.41811
-20.08453
-19.83336
-20.87321
-20.77399
-22.27938
-22.03235
-22.03235
-22.03235
-21.74850
-22.77061
-22.63056
-20.43886
-21.44803
-22.05889
-20.87700
-20.12896
-21.08519
-21.01782
-21.48373
-21.23565
-23.50990
-23.69664
-23.69664
-23.30292
-23.82941
-24.15790
-21.76018
-21.56007
-20.29160
-21.13510
-20.12201
-20.46661
-19.28543
-19.92214
-21.15605
-24.00317
-23.94554
-23.62453
-21.57883
-22.38175
-23.32357
-23.32357
-22.36857
-22.20157
-23.00658
-23.82500
-24.72444
-25.21970
-24.57095
-25.78456
-26.13190
-25.42758
-25.51255
-25.72393
-25.60509
-24.53786
-24.54329
-25.28531
-26.52816
-26.93884
-26.42703
-26.76293
-24.77976
-23.46700
-23.44383
-23.28778
-22.72947
-23.83246
-23.63329
-23.08375
-25.05394
-25.20791
-24.25493
-23.65651
-24.55614
-25.68892
-25.52740
-25.00926
-25.82231
-26.43407
-26.37260
-26.19881
-26.39187
-26.18482
-25.73108
-26.11292
-25.61508
-23.99712
-24.79396
-25.04695
-26.90622
-28.64083
-29.92219
-29.67658
-28.74981
-30.28179
-28.70544
-27.95463
-27.12059
-28.11718
-27.57123
-27.89550
-27.73966
-27.99422
-27.56650
-28.89884
-26.31181
-27.32841
-27.63520
-29.28797
-29.28797
-29.71831
-29.42073
-29.53244
-28.81350
-26.73779
-27.81382
-28.21377
-28.15648
-27.67146
-25.27305
-24.96212
-24.17973
-23.36082
-24.06323
-24.03519
-24.03519
-22.18420
-20.32788
-19.00302
-17.93198
-18.52634
-18.75565
-17.30649
-17.30649
-16.69083
-20.27879
-18.98830
-18.72351
-18.54019
-16.83186
-16.16151
-18.64916
-18.95883
-19.11692
-19.15884
-16.71327
-17.70971
-18.97377
-19.74211
-21.37965
-20.60478
-20.88075
-21.29656
-21.24534
-21.41162
-21.77168
-22.09771
-22.50659
-23.88075
-24.35604
-24.95591
-26.22105
-25.25505
-25.56979
-24.02403
-22.01251
-20.87512
-20.50611
-20.62243
-23.18443
-23.62975
-22.77100
-21.60575
-19.75348
-19.78938
-19.68659
-19.68659
-21.71077
-21.94474
-21.43284
-19.60241
-19.09576
-18.05786
-18.05786
-17.64793
-18.69114
-18.55076
-18.55574
-16.61554
-17.52244
-17.53848
-17.50171
-18.81034
-16.26052
-16.26052
-12.60780
-11.03328
-10.51078
-13.09588
-14.03678
-15.99594
-15.70500
-15.56245
-14.45377
-14.60996
-14.22161
-15.23164
-13.86619
-15.77854
-15.77854
-14.43974
-15.61954
-15.17956
-14.59779
-17.00235
-17.00235
-15.85848
-15.52451
-15.37602
-15.37602
-15.38199
-16.29530
-16.25536
-16.25536
-16.45975
-16.70496
-14.80377
-13.96860
-14.31702
-15.96431
-16.90804
-16.11115
-15.25893
-17.01616
-17.96910
-17.39682
-18.29904
-17.37610
-15.54748
-16.75565
-16.75565
-16.40099
-15.86341
-14.49579
-14.56714
-14.57880
-13.60703
-13.07026
-13.94144
-13.94144
-13.97105
-15.96567
-16.73817
-16.33955
-16.36843
-16.61350
-15.94332
-14.58277
-15.42569
-15.42569
-15.29977
-15.08947
-15.29977
-17.30090
-16.74592
-17.59200
-17.63338
-16.81699
-16.99307
-17.18527
-17.26850
-17.88061
-16.80943
-15.95371
-13.63667
-15.15401
-14.28594
-14.09415
-15.47294
-15.11136
-15.90349
-15.11628
-15.11628
-15.02220
-15.09693
-16.31197
-16.31778
-16.39013
-16.23035
-15.21334
-15.86236
-15.06100
-15.86682
-16.11501
-16.90505
-16.31540
-15.53449
-15.53449
-16.30681
-14.94919
-16.42038
-17.07694
-17.83521
-16.78891
-16.43158
-16.45676
-17.93133
-19.61019
-21.56170
-23.23403
-23.23403
-24.31677
-25.21585
-25.21585
-25.61632
-24.64115
-24.70895
-24.44244
-25.24746
-26.54803
-27.75928
-26.76070
-26.67443
-26.62288
-27.15414
-26.30977
-26.29370
-26.29370
-26.15590
-27.65714
-27.62671
-27.71682
-27.49227
-27.49227
-28.43175
-28.09712
-26.54331
-27.21410
-26.03875
-26.03875
-26.40074
-27.15243
-27.33765
-27.90814
-28.93734
-28.79685
-26.10710
-26.10710
-26.46145
-25.88400
-25.17698
-26.64107
-25.94922
-26.66870
-25.96439
-24.28859
-24.60923
-24.91523
-22.75537
-23.45756
-23.45756
-24.71461
-24.57704
-23.77131
-22.37431
-23.20467
-22.18544
-23.02996
-23.66348
-23.45893
-25.27205
-23.12074
-22.62308
-22.16370
-20.04967
-20.67251
-20.92930
-20.37619
-21.20910
-20.37914
-20.34445
-21.21018
-21.16535
-20.00414
-21.02846
-21.23639
-20.39436
-21.21028
-20.88099
-20.98552
-20.98552
-21.33477
-20.98812
-20.65388
-21.15574
-19.22738
-18.13930
-17.94471
-18.27587
-18.47495
-18.47495
-19.91974
-19.33374
-20.09314
-19.83939
-23.52355
-23.79716
-23.77116
-23.20271
-24.29925
-23.45675
-22.28825
-24.01870
-23.62553
-24.66521
-25.35484
-24.94766
-24.73290
-25.23515
-24.57646
-24.53332
-23.17934
-24.30339
-24.50251
-24.45957
-24.45957
-24.46858
-24.10620
-24.96863
-24.44597
-24.09815
-24.50755
-25.08728
-25.08728
-24.57133
-24.21411
-23.61080
-22.47944
-21.52234
-21.24148
-21.24148
-20.38492
-18.36673
-18.36673
-18.39619
-18.85892
-19.59760
-20.50090
-20.95213
-20.80601
-22.18268
-22.44419
-21.54051
-22.66338
-22.11627
-22.00051
-20.99141
-20.45426
-20.33730
-20.16745
-20.16745
-20.05387
-20.18238
-21.71426
-22.43453
-24.89825
-24.66883
-24.47024
-25.42316
-24.78869
-25.83779
-25.75725
-24.58620
-23.11741
-23.86155
-24.32688
-24.89907
-24.47585
-23.89915
-23.89915
-23.89915
-23.20744
-21.89911
-20.96357
-21.39694
-22.31127
-21.67989
-20.47185
-19.82153
-19.82153
-19.87785
-20.97422
-21.57452
-22.03388
-22.03388
-22.46106
-22.46106
-24.19925
-23.83316
-21.42004
-20.89426
-19.68565
-20.89651
-21.48586
-22.47728
-22.97767
-23.40820
-23.15305
-23.20730
-21.68003
-21.03944
-21.03944
-21.30831
-20.52378
-19.65758
-20.07900
-20.15952
-21.76307
-20.16213
-19.80618
-20.60152
-22.46518
-22.98153
-23.24410
-24.39243
-23.57006
-22.04461
-22.85360
-23.13235
-23.00708
-22.95751
-22.95751
-22.95751
-23.55318
-22.26449
-21.48861
-22.58398
-19.97858
-19.64249
-20.32516
-19.49311
-19.59399
-19.10209
-18.70869
-18.64942
-19.10758
-19.28176
-19.28176
-21.04768
-21.54122
-21.99422
-21.28626
-21.32628
-22.57504
-24.35966
-23.62536
-24.15755
-23.70575
-26.54692
-24.61404
-25.28767
-25.91259
-26.63209
-26.51741
-26.20525
-25.19444
-25.60717
-25.69389
-24.95639
-25.67349
-25.34808
-26.36649
-26.23785
-25.82510
-24.35291
-22.39129
-21.72262
-21.72262
-21.72262
-19.62937
-18.73245
-19.01831
-19.12171
-18.60176
-18.72693
-18.29295
-17.72590
-17.38814
-15.89335
-15.33826
-14.29184
-14.29972
-14.04975
-15.01661
-14.47374
-14.52692
-14.00637
-13.82375
-14.49291
-14.49291
-14.49291
-14.02947
-12.54997
-14.39059
-16.76019
-17.79478
-19.51428
-20.64357
-18.35526
-17.03779
-18.52044
-19.22183
-18.77323
-17.85385
-18.22747
-17.27137
-18.56959
-18.56959
-19.28107
-18.80102
-19.67939
-18.65088
-19.98701
-18.50246
-17.99825
-18.44433
-17.06854
-17.66709
-17.29577
-17.90876
-17.19436
-16.61065
-17.22899
-18.98652
-17.40555
-15.73739
-16.71161
-17.00185
-17.02559
-17.56513
-19.51694
-18.91840
-20.24481
-22.29301
-21.62330
-19.63198
-18.84007
-18.25699
-19.24081
-18.77261
-18.03620
-18.60000
-18.06487
-18.39187
-20.99932
-20.78242
-20.32845
-19.90837
-19.79511
-19.43903
-19.48642
-16.74834
-16.74834
-17.99846
-17.79058
-17.79058
-17.97333
-18.74756
-17.76613
-19.26871
-19.11707
-20.88643
-20.45762
-22.13852
-23.65224
-21.64427
-22.08093
-20.14723
-20.14723
-22.76694
-22.82863
-22.34577
-20.77377
-21.69468
-20.72696
-20.64206
-22.14355
-21.38256
-19.43987
-20.01746
-19.32136
-19.11987
-20.09413
-18.49858
-18.20780
-19.25402
-19.28878
-18.33455
-16.51302
-16.35927
-16.71254
-16.63757
-16.63757
-15.21577
-14.77505
-14.77505
-16.40118
-15.69376
-14.15925
-13.83354
-12.06565
-13.75688
-13.86976
-13.15734
-11.27374
-11.97684
-11.91631
-11.13958
-10.59560
-10.46125
-12.52036
-12.52036
-12.47420
-13.45808
-14.27789
-14.89950
-15.55696
-15.75751
-16.33646
-16.88420
-15.86922
-16.40577
-16.60777
-16.89918
-16.98389
-16.98389
-17.86915
-17.86915
-18.65108
-19.50992
-18.70364
-18.30354
-17.12592
-16.11485
-15.98118
-15.49549
-17.34288
-16.00270
-17.55424
-17.77177
-18.06857
-19.28009
-19.24839
-19.24839
-19.03188
-18.90877
-18.70370
-19.48826
-18.76065
-19.58266
-20.29551
-20.04972
-21.03143
-22.40058
-23.05740
-23.05740
-22.70079
-23.05740
-23.50909
-23.50909
-24.92474
-26.20430
-26.35273
-26.35629
-25.34917
-23.98573
-25.32845
-26.45029
-25.75023
-27.43637
-26.69275
-25.97230
-26.38885
-24.98597
-23.32055
-24.12209
-23.79706
-23.92890
-24.20267
-23.82211
-23.36350
-23.95327
-23.36542
-22.80523
-21.50525
-22.25877
-21.40627
-21.61590
-20.38601
-19.79813
-21.13110
-21.31747
-23.53018
-23.53018
-22.44570
-24.10629
-25.75833
-24.24045
-25.62971
-25.62971
-25.96234
-25.30218
-24.79433
-25.75778
-25.58523
-25.38197
-25.61868
-25.26100
-23.33828
-24.43390
-24.53058
-24.47129
-24.61096
-23.89370
-24.38953
-24.33501
-23.82457
-24.27606
-25.02108
-24.85416
-23.94516
-23.94516
-23.11865
-23.17257
-21.73409
-23.24047
-23.91869
-24.94390
-25.35324
-25.45211
-25.45211
-24.30589
-25.51987
-25.51987
-25.53679
-25.53679
-26.56366
-25.26701
-23.47059
-22.41220
-21.54140
-22.64986
-22.02482
-20.77940
-20.43422
-20.43422
-21.25991
-21.25991
-21.10493
-21.09161
-19.56101
-18.96323
-19.19960
-19.44887
-20.37352
-20.35665
-21.26988
-22.15475
-22.55302
-22.55302
-24.23452
-22.69352
-24.30232
-22.23444
-22.23444
-21.32230
-20.23913
-21.63824
-21.95872
-21.08410
-20.61839
-20.61839
-21.71510
-21.95153
-21.95153
-23.06040
-23.85433
-24.18394
-24.88644
-26.43885
-27.62008
-26.54261
-26.93019
-26.55175
-26.23918
-25.59348
-26.60216
-25.33197
-23.64410
-23.64410
-25.84571
-25.90252
-26.30625
-25.91496
-24.35527
-23.85096
-22.86738
-23.03145
-23.99767
-25.29098
-26.64753
-26.76474
-26.10825
-26.92401
-25.56927
-25.56927
-24.80803
-24.66978
-25.46567
-25.48704
-25.54358
-25.54358
-24.52955
-24.52955
-25.76878
-25.76878
-27.69264
-28.98661
-29.10197
-28.37794
-29.46524
-28.14650
-28.19922
-27.65561
-28.30564
-28.85943
-28.72045
-30.97389
-30.63420
-32.53220
-33.41712
-32.53104
-32.53104
-31.93026
-32.44221
-31.34754
-31.15578
-31.15578
-30.72087
-29.52291
-29.40109
-28.64852
-28.12053
-27.83105
-27.00994
-25.47046
-24.61198
-24.91380
-24.86859
-25.70126
-25.25639
-26.59223
-25.89631
-26.28641
-26.62856
-27.14617
-27.14617
-26.85255
-25.91269
-27.25488
-27.03199
-27.25858
-26.42751
-26.65763
-27.51448
-27.50262
-26.17382
-26.17382
-24.37319
-24.87205
-26.39329
-26.36626
-24.77066
-22.32898
-22.39859
-22.39859
-22.89793
-23.46649
-23.46649
-21.75440
-22.57835
-22.11233
-22.36934
-22.42435
-20.18811
-19.56456
-20.83912
-21.54957
-20.61168
-20.89667
-20.89667
-19.70583
-18.69248
-19.32989
-19.33683
-18.94581
-16.72021
-17.62724
-17.62724
-17.83612
-18.88650
-18.88650
-19.20265
-19.20265
-17.47689
-17.47689
-18.20215
-19.21264
-18.92017
-17.16971
-17.65152
-17.65689
-20.60750
-22.01994
-21.51278
-21.93690
-21.78122
-21.85351
-21.75669
-21.74458
-21.77871
-23.87932
-23.06910
-22.62026
-22.84898
-21.00379
-21.27824
-21.67372
-21.67372
-21.06583
-20.91274
-20.91274
-19.26568
-19.85689
-20.02852
-20.76408
-20.56351
-20.19374
-19.25415
-19.12703
-19.12703
-18.74407
-18.74407
-19.55596
-19.46585
-18.60265
-19.32162
-20.56665
-20.68495
-20.67299
-20.70072
-19.72275
-19.26535
-18.94452
-17.86793
-18.80666
-18.80666
-20.34605
-21.04758
-20.08986
-21.17584
-21.29015
-20.92444
-21.30668
-21.44977
-21.93458
-22.06516
-24.21709
-24.21709
-24.52068
-24.86735
-24.49549
-25.89876
-25.89876
-25.89876
-25.89876
-26.04355
-25.32998
-24.98178
-26.53820
-26.75225
-27.00271
-26.62993
-26.60753
-26.16206
-27.15727
-26.63535
-24.97473
-23.80238
-23.52049
-23.10797
-23.10797
-22.79285
-22.67311
-22.47227
-23.99128
-25.18819
-25.56861
-23.79268
-24.40453
-24.40453
-23.87207
-22.16170
-22.16170
-19.56499
-20.09623
-21.13128
-21.79120
-23.10169
-23.47797
-22.78016
-23.34427
-23.34427
-22.94512
-22.94512
-25.07334
-24.69956
-24.57997
-25.31354
-24.85852
-24.88253
-24.84410
-24.16586
-24.52064
-25.36888
-24.97667
-24.32893
-21.61817
-21.79243
-23.44416
-23.37769
-23.33474
-23.57721
-23.57721
-23.57721
-22.60367
-21.65629
-20.52264
-20.52264
-20.67235
-20.72304
-19.10626
-18.75313
-16.29665
-16.36944
-18.33548
-17.91100
-17.77336
-15.29715
-15.29715
-15.47890
-15.44738
-14.18698
-17.13965
-18.11966
-18.07444
-19.30955
-17.97224
-17.07805
-16.58638
-17.14095
-16.59796
-16.33863
-16.66951
-15.31588
-15.31588
-13.73372
-15.37105
-14.98854
-15.30498
-15.94104
-15.53880
-14.00445
-14.75116
-14.95807
-16.79964
-15.03579
-15.32388
-14.97002
-14.02135
-14.81829
-16.06873
-15.57168
-15.87475
-16.03433
-15.16162
-15.17910
-14.43073
-13.92447
-13.68585
-15.69427
-14.55448
-14.55448
-14.06392
-15.25000
-16.12166
-15.72164
-14.01747
-13.93264
-14.91561
-14.72101
-15.82254
-15.36965
-15.86915
-15.02820
-14.16270
-15.04824
-15.43594
-15.57304
-17.74723
-16.46317
-16.72865
-15.67618
-16.59247
-15.36745
-16.33176
-17.55259
-20.08215
-19.31741
-19.31741
-19.31741
-18.22479
-18.08893
-17.62117
-18.23122
-19.41526
-19.81745
-18.49989
-17.62217
-16.15669
-16.58434
-17.09889
-17.56278
-14.66578
-14.45589
-15.31409
-16.05457
-15.17878
-15.17878
-14.21482
-14.50573
-14.20643
-15.06426
-14.95811
-16.92393
-17.96808
-19.64581
-19.52881
-18.70903
-20.53009
-19.39446
-20.09439
-20.61684
-20.62541
-20.65845
-17.81707
-16.90289
-19.69767
-19.16857
-20.72367
-19.59625
-18.82308
-19.38262
-18.28971
-17.43046
-17.69008
-15.34114
-13.38797
-13.33947
-13.71819
-13.72836
-15.38774
-14.98052
-14.04551
-16.23828
-17.95167
-19.04082
-17.63557
-18.48107
-18.42010
-18.42010
-18.14081
-18.27014
-17.45279
-17.45279
-18.14059
-18.69567
-19.43764
-19.13247
-18.33574
-17.71511
-20.62786
-20.93723
-23.43924
-23.68227
-24.42173
-23.54864
-24.38078
-23.30534
-22.80417
-21.75387
-21.38601
-21.65624
-21.33527
-20.71444
-20.57930
-22.12337
-22.98068
-20.55387
-19.88088
-19.86508
-20.34844
-21.66611
-21.87032
-22.21222
-23.41324
-22.53759
-21.72073
-21.60773
-21.49704
-20.72780
-21.22717
-21.22717
-21.96145
-20.46570
-19.98762
-22.30264
-21.66896
-20.36490
-19.92332
-19.92332
-19.80596
-20.93348
-19.21691
-17.66660
-17.34956
-17.84186
-19.70921
-20.77688
-19.87166
-19.87166
-19.87166
-20.30301
-21.48268
-21.13018
-22.55747
-23.26737
-24.28392
-24.00512
-25.28937
-24.66707
-26.25232
-25.04280
-24.93586
-23.30045
-23.30045
-21.98400
-21.51542
-22.24139
-22.12515
-22.07254
-23.28701
-22.90917
-23.86890
-24.29271
-22.97192
-22.71133
-22.71133
-23.98639
-25.47848
-24.04177
-24.08249
-25.66971
-26.47247
-25.77611
-25.22836
-25.76450
-24.92523
-24.70956
-24.52642
-24.49502
-23.98007
-26.13025
-27.04712
-28.22450
-28.71931
-28.36106
-28.41302
-28.24654
-30.88134
-30.41863
-28.95470
-30.19177
-29.76097
-29.76097
-28.25623
-29.13837
-27.73408
-25.60841
-24.28470
-24.14871
-24.98966
-24.50686
-24.31631
-24.92737
-25.01424
-25.03674
-26.02639
-25.68637
-25.68637
-25.68637
-24.56674
-25.71730
-25.71730
-26.37429
-24.99382
-25.15168
-25.69386
-25.82691
-25.92689
-26.37433
-25.16547
-26.65954
-25.22954
-24.68504
-24.42268
-25.09165
-25.09165
-26.91867
-26.13095
-25.75515
-25.12258
-25.24974
-25.24974
-25.41586
-23.76057
-22.25336
-21.09714
-21.57192
-20.66567
-20.13447
-19.37532
-20.03552
-22.41543
-22.41543
-21.78654
-20.35485
-21.72497
-22.57404
-20.66252
-18.27728
-18.90942
-20.38964
-20.09047
-19.67123
-18.36433
-18.10740
-19.17038
-20.08957
-20.08957
-21.78516
-21.52878
-21.92398
-21.69130
-23.21638
-22.28726
-23.00686
-24.37692
-24.37692
-24.52979
-25.18256
-25.80046
-25.80046
-24.61899
-24.61899
-24.61965
-25.16677
-24.46872
-24.42763
-23.92708
-24.67904
-24.90627
-24.35699
-26.00380
-26.66787
-26.34598
-27.53689
-27.53689
-27.19240
-25.78032
-25.78032
-25.78032
-24.26696
-24.23449
-24.38267
-22.99555
-22.68546
-23.24711
-24.92508
-24.92508
-24.68368
-25.18726
-23.53820
-24.93483
-25.80798
-26.58984
-27.71089
-27.71089
-27.13929
-28.10379
-26.57358
-26.54856
-26.01786
-27.14218
-27.15226
-27.44625
-25.58867
-25.74729
-24.38660
-24.38660
-25.23315
-24.41253
-23.55700
-23.65833
-23.65833
-22.45575
-22.01739
-19.62512
-20.22548
-20.17582
-21.26808
-21.80857
-21.64629
-22.21852
-20.94261
-20.27981
-19.30951
-18.56850
-20.06925
-20.08068
-23.26106
-23.33492
-22.37232
-23.06729
-23.06729
-23.97482
-23.97482
-22.90676
-23.08731
-23.12918
-23.12918
-23.39649
-23.15429
-23.01184
-22.99564
-23.43446
-23.90899
-24.04993
-24.17088
-24.21420
-23.24900
-22.54424
-24.03307
-23.91174
-23.51928
-23.51928
-23.86213
-22.65119
-22.58832
-24.55993
-23.98732
-26.76247
-27.46148
-25.55443
-26.72250
-26.72967
-27.57906
-27.89175
-27.89175
-29.11063
-30.70788
-30.17058
-28.65350
-30.54374
-31.46118
-30.57774
-30.57774
-32.54695
-33.29748
-32.10847
-31.18318
-29.95374
-29.95374
-30.82935
-29.97146
-31.65679
-33.89694
-34.17786
-34.93347
-33.30052
-34.77444
-34.42898
-33.44336
-31.34406
-29.75492
-29.75492
-28.94912
-28.51285
-29.12101
-27.18642
-28.49533
-30.25794
-30.25794
-32.81737
-31.95405
-31.95405
-31.95405
-33.17449
-31.87525
-31.79816
-31.28550
-31.60286
-32.52893
-31.65450
-32.72235
-33.69436
-33.69436
-33.62657
-33.27160
-32.94328
-32.04351
-34.13051
-34.15751
-34.42829
-34.32355
-34.30675
-35.20510
-34.88521
-34.88521
-35.16454
-35.79633
-35.79633
-35.00152
-35.65233
-35.66454
-35.66454
-36.22126
-35.50283
-35.50283
-36.31913
-33.85061
-32.59577
-32.59577
-30.94200
-29.67106
-29.49635
-32.33232
-33.82243
-34.20807
-33.76094
-33.76694
-33.27332
-31.22200
-31.29461
-31.29745
-31.29745
-30.98267
-31.99402
-31.99402
-33.45066
-33.42508
-33.20452
-33.46683
-34.08808
-34.87672
-35.28178
-32.87779
-33.48142
-32.39082
-31.59007
-32.56163
-31.55327
-31.23300
-31.23300
-32.60109
-32.38538
-32.51876
-33.90808
-33.90808
-32.88614
-32.74224
-31.91208
-32.85318
-32.18773
-31.78831
-30.49806
-30.48269
-32.66676
-33.35373
-33.32998
-33.32998
-32.82021
-31.42006
-31.71844
-32.42498
-30.81451
-32.27750
-30.76641
-32.61371
-34.00964
-32.72216
-32.50230
-31.71150
-31.10500
-31.10500
-30.89714
-30.89714
-31.43036
-31.93266
-29.31221
-26.90013
-27.02570
-27.63846
-28.38748
-28.38748
-28.38748
-28.66299
-30.74348
-30.74750
-29.91780
-30.68997
-30.51627
-30.85839
-30.99473
-33.30587
-32.71209
-33.84321
-34.05026
-34.04941
-34.04941
-31.70440
-32.48370
-32.56514
-31.01337
-30.32777
-29.81631
-32.79195
-32.79195
-32.18372
-33.78165
-34.66817
-35.62162
-33.99297
-33.21466
-33.70211
-34.58308
-33.79958
-34.23564
-35.57301
-35.57301
-35.23334
-36.27307
-35.31900
-35.31900
-36.85226
-36.11888
-36.97244
-35.98518
-35.73209
-34.43931
-34.20253
-33.42041
-34.91311
-34.91311
-33.15565
-31.83234
-31.21592
-27.46520
-27.42253
-26.01989
-26.09930
-26.09930
-24.83421
-24.83421
-24.56506
-22.85106
-21.68343
-20.98454
-20.98454
-22.75038
-21.44320
-21.00248
-21.13163
-18.82132
-17.52494
-19.14598
-20.07157
-20.07157
-20.35969
-20.87168
-19.14855
-18.42969
-18.50214
-19.55687
-19.57249
-20.12860
-21.62896
-22.55256
-22.75627
-23.24299
-22.14824
-21.97690
-22.35367
-21.12454
-19.49363
-18.14270
-17.17459
-15.11629
-16.64265
-17.27015
-16.85206
-19.58587
-21.61704
-24.50941
-24.95122
-24.35734
-25.58848
-26.71805
-26.71805
-27.60950
-27.38887
-25.19529
-25.08598
-24.33908
-25.61544
-27.06736
-27.63171
-28.92654
-28.47911
-28.65604
-27.98938
-25.49879
-25.31575
-24.84550
-23.60393
-24.60875
-24.35359
-25.31828
-26.19802
-26.19802
-26.57838
-28.73048
-26.33488
-26.53114
-25.49610
-25.12945
-24.94912
-25.70589
-26.46702
-24.33109
-26.30976
-26.30976
-26.30976
-26.30976
-25.15403
-24.93556
-24.85389
-23.91486
-23.77159
-23.77159
-23.77350
-22.33867
-20.25945
-18.86306
-19.47649
-19.15239
-18.66593
-15.04437
-13.38179
-13.93801
-15.09222
-13.58029
-12.09064
-13.87068
-13.87884
-14.06788
-12.61608
-13.89243
-13.61017
-14.25004
-14.37817
-15.15822
-15.15822
-15.15822
-15.96297
-16.94603
-17.27549
-18.55612
-19.43365
-19.43365
-20.70954
-20.93307
-22.02837
-22.93155
-22.53924
-22.67573
-22.75891
-22.82449
-23.90662
-24.42813
-24.08194
-23.80111
-23.32299
-21.76045
-21.57858
-22.68293
-21.88998
-23.52023
-24.24098
-26.97019
-27.60241
-26.95968
-27.11088
-26.72128
-26.93625
-25.93454
-23.58379
-22.33865
-22.33865
-21.47804
-21.49431
-19.59664
-19.38770
-19.45672
-19.95455
-20.50965
-18.61696
-18.81662
-19.81737
-21.10019
-22.68053
-24.48339
-23.50784
-25.86082
-27.21384
-29.90187
-28.99704
-30.56128
-30.56128
-29.88261
-29.88261
-27.77845
-28.21842
-28.95759
-30.24528
-30.24528
-32.37349
-32.63342
-31.68875
-30.34820
-29.87132
-30.60740
-30.31357
-30.15487
-28.98271
-27.99852
-28.44459
-30.11554
-30.34766
-30.49290
-29.84288
-29.54778
-30.91967
-30.88396
-31.71211
-31.38474
-31.34923
-31.27928
-30.18075
-29.72993
-29.62616
-28.57202
-28.41034
-28.35022
-28.62820
-28.08901
-25.45014
-26.56350
-25.88749
-25.59419
-26.54937
-26.22889
-26.58115
-22.79176
-22.65207
-22.86860
-22.75627
-21.68424
-22.09792
-22.65214
-22.65214
-22.41843
-22.33811
-22.68419
-22.78191
-21.81250
-22.77343
-21.77494
-21.77494
-23.67048
-22.51567
-22.51567
-22.42339
-23.10718
-23.31472
-23.44127
-23.44127
-23.26534
-23.68999
-23.62346
-24.01185
-23.52792
-23.69103
-23.17431
-22.09056
-22.41636
-22.75204
-22.75204
-22.89296
-22.90610
-22.54832
-22.54832
-22.54832
-22.32435
-22.01424
-22.08569
-21.03539
-21.03539
-19.66438
-20.87255
-23.28513
-22.82376
-22.17978
-21.51033
-22.25373
-22.36889
-23.14024
-22.13221
-21.17953
-22.19758
-22.30271
-22.32293
-18.50547
-17.81656
-17.35654
-17.91339
-18.00728
-17.16002
-17.84471
-17.47387
-18.18238
-18.18238
-17.59261
-17.95587
-18.25309
-19.01139
-18.70899
-18.86932
-18.52843
-19.80133
-20.19618
-21.33020
-21.57960
-21.64431
-22.65318
-22.65318
-23.26838
-21.92643
-22.81345
-21.74021
-19.62081
-18.99288
-19.49170
-20.10730
-19.88951
-21.53128
-20.48992
-21.82195
-20.24855
-19.79928
-19.69273
-19.94329
-20.65526
-19.99191
-19.73357
-19.73357
-19.73357
-19.69895
-19.65358
-20.73162
-20.73162
-21.60966
-22.09744
-22.66509
-19.28558
-19.42306
-18.80241
-19.79651
-18.94005
-18.65421
-18.93950
-18.34021
-17.54736
-18.14535
-17.92120
-18.75434
-18.40694
-18.21804
-23.21118
-22.90156
-23.92333
-23.56115
-20.08627
-20.75002
-19.57941
-19.98568
-19.30543
-19.30543
-19.46424
-19.61868
-19.99238
-20.19450
-22.85259
-23.42572
-24.76077
-24.96027
-26.51331
-25.53891
-24.18196
-25.54592
-26.77655
-26.07651
-26.87827
-27.84432
-27.93523
-29.04827
-28.04873
-28.54985
-28.40408
-28.35378
-28.28794
-28.36224
-28.67272
-29.61041
-29.88159
-31.69003
-30.90451
-29.73621
-30.77351
-28.29853
-27.81818
-27.03170
-27.34233
-27.36754
-26.37617
-25.86898
-25.99177
-27.56224
-27.11732
-26.23264
-26.57487
-25.07564
-24.62599
-25.30623
-25.31706
-25.66291
-25.75835
-25.26738
-24.69283
-27.09840
-27.09840
-27.49652
-26.00389
-28.49659
-28.02969
-27.11579
-27.01113
-26.03483
-25.39998
-25.34401
-26.08653
-27.70641
-27.03097
-26.99243
-26.99243
-27.92196
-28.70974
-29.48755
-29.40711
-29.99206
-30.41103
-30.22104
-31.16876
-31.81190
-32.51179
-30.69525
-29.88583
-28.75301
-29.23675
-28.27846
-29.66696
-28.62509
-28.19481
-26.44716
-26.33019
-26.52997
-26.52997
-26.52997
-24.32465
-25.06764
-25.50416
-25.43619
-23.16881
-23.37291
-22.81958
-21.45034
-21.45034
-22.38680
-21.78741
-22.19127
-20.09316
-20.00956
-20.61181
-22.74347
-22.54820
-21.64934
-20.51606
-21.35922
-21.19158
-22.13200
-21.30444
-19.95425
-20.65042
-21.42916
-22.01459
-22.42912
-22.35998
-23.38402
-22.09719
-20.79235
-19.92910
-22.13057
-22.00406
-21.91836
-21.91836
-22.47470
-23.10115
-23.75483
-23.34969
-19.64206
-19.00319
-18.63627
-18.40417
-17.46754
-16.28975
-17.79881
-18.96328
-16.98419
-16.92492
-18.23830
-17.38479
-17.04251
-17.27182
-18.87577
-17.79033
-17.21778
-16.92351
-17.05912
-14.65723
-15.54258
-15.46556
-15.10742
-14.68674
-14.28416
-13.85771
-15.22303
-15.22303
-13.53789
-13.76540
-13.51838
-12.61105
-13.56991
-14.10010
-13.42199
-11.50020
-11.78934
-10.61753
-10.18980
-9.92301
-8.96911
-9.21574
-8.70997
-8.00423
-9.71072
-9.84813
-10.81233
-11.19141
-12.02129
-13.16420
-13.92671
-14.40322
-13.91097
-13.69988
-13.35865
-14.57624
-15.18290
-15.11660
-14.51466
-16.69400
-17.34381
-17.02262
-19.57206
-19.93435
-19.95105
-19.88545
-19.88545
-19.37339
-17.72676
-16.54490
-16.81189
-16.47456
-17.02518
-19.95749
-19.95749
-19.98872
-19.49448
-18.11244
-18.32200
-17.36605
-16.49080
-16.04593
-15.70364
-15.70364
-16.74285
-17.35302
-16.70451
-17.63802
-18.24895
-17.05592
-17.73641
-18.41634
-18.46662
-18.24113
-18.24113
-17.63115
-16.86133
-16.86133
-17.82516
-18.28538
-18.28538
-18.30944
-19.12049
-19.12049
-20.16013
-20.16013
-20.16013
-20.01628
-19.16812
-19.22990
-20.42789
-20.38484
-20.95237
-20.95237
-21.56997
-21.56997
-23.68578
-23.25806
-22.89102
-21.25686
-20.62046
-20.52077
-23.22604
-24.73969
-24.30703
-24.41583
-23.47211
-23.47211
-23.99465
-25.11517
-24.68513
-25.63498
-25.63498
-25.75220
-25.89702
-23.54683
-22.00813
-21.17067
-19.94187
-20.99835
-21.86324
-22.22695
-22.22695
-23.94235
-24.09183
-24.73211
-25.09100
-26.98241
-26.42625
-26.45893
-26.19044
-27.35006
-27.35006
-27.24212
-27.98009
-27.55787
-27.50739
-26.41216
-26.69624
-26.81885
-26.71014
-26.72994
-26.95954
-27.34066
-27.34066
-27.34066
-28.20723
-28.96040
-28.61613
-26.30662
-26.30662
-28.70557
-28.40162
-28.61595
-29.30280
-28.02416
-27.87218
-27.87218
-29.37596
-28.29518
-28.65897
-28.19730
-29.58743
-28.89617
-28.46313
-29.15678
-27.78114
-28.13590
-25.80136
-24.96600
-24.57628
-23.17979
-24.98481
-25.98633
-26.00024
-26.37107
-25.30867
-25.51271
-24.26975
-23.16158
-22.72877
-22.95682
-21.36818
-24.36505
-24.97320
-25.19250
-25.71185
-25.32905
-26.12109
-27.53959
-27.35209
-26.91479
-25.33877
-23.66537
-25.58066
-23.83949
-21.62578
-22.14277
-21.33391
-22.48292
-23.07716
-23.82318
-23.39488
-24.35046
-23.64611
-23.98756
-24.35213
-24.15097
-24.58419
-24.50122
-24.50122
-23.39567
-23.20802
-22.63659
-22.63659
-24.55290
-24.62636
-24.91765
-24.91765
-24.91765
-24.74904
-24.62159
-23.05088
-23.53388
-23.03022
-23.49800
-23.13564
-21.89630
-21.80950
-22.95436
-22.58197
-22.78309
-21.80417
-20.67730
-20.67730
-20.99227
-20.19749
-19.79708
-19.85835
-19.42127
-23.25299
-23.47004
-23.07015
-22.45700
-21.15765
-20.57615
-20.32554
-20.15481
-19.18960
-18.93296
-18.22073
-17.94091
-18.26254
-20.73772
-21.54309
-21.22813
-22.91201
-24.11218
-24.98850
-24.98850
-27.55287
-28.75373
-26.89841
-28.58282
-28.58282
-29.16097
-29.07619
-28.70325
-29.86841
-28.41830
-28.53584
-27.65688
-26.52486
-27.35677
-28.51220
-26.72324
-27.33420
-27.98158
-27.94432
-27.94432
-28.86524
-28.86524
-28.54218
-26.14662
-28.39068
-29.78072
-29.29128
-30.61333
-30.97593
-30.12373
-30.20662
-30.45108
-30.45108
-30.45108
-29.38810
-31.65645
-31.56873
-32.02155
-33.10754
-33.72516
-33.86973
-34.00835
-33.95909
-33.46700
-31.97919
-31.07572
-31.91110
-31.91110
-32.62065
-32.35201
-31.90360
-31.90360
-30.97326
-30.01507
-30.91409
-30.97089
-32.24015
-32.74855
-35.21275
-35.26837
-34.54478
-34.54478
-35.38172
-35.24523
-34.68835
-34.68835
-35.49631
-33.31245
-34.60951
-34.24348
-34.16743
-33.80504
-35.86322
-35.52721
-36.42376
-36.42376
-36.19670
-36.56337
-36.56337
-36.30854
-35.13190
-36.30854
-36.03978
-36.03978
-36.03978
-36.08430
-31.97463
-30.73537
-30.32660
-29.50851
-30.71706
-30.24015
-30.24015
-31.38865
-30.97332
-30.40051
-31.41697
-29.50492
-29.50492
-30.82356
-31.03777
-30.52751
-29.05898
-26.89966
-24.36728
-24.30236
-24.30236
-26.28388
-26.03541
-25.56290
-26.20149
-26.25662
-26.91521
-27.55501
-27.02155
-27.42672
-27.36705
-28.03209
-28.89496
-28.65666
-29.46422
-29.57925
-30.61098
-30.70019
-32.24480
-32.78512
-32.78512
-32.60182
-32.69997
-32.13480
-30.76403
-32.46894
-32.84311
-33.16458
-33.35023
-32.66421
-31.51963
-31.63649
-30.59045
-30.13684
-29.94181
-29.62194
-29.41901
-29.65846
-29.61252
-30.07657
-30.60534
-30.92015
-30.92015
-28.55095
-29.67365
-29.58953
-29.45728
-30.73129
-32.96007
-32.49681
-31.83163
-32.27031
-31.66805
-29.97161
-29.02358
-28.17074
-27.04777
-26.70889
-23.16030
-21.82048
-21.30044
-21.13854
-17.76538
-16.60249
-15.03871
-14.98249
-14.40330
-14.40330
-16.33927
-15.99158
-16.48640
-15.74763
-17.48984
-16.34965
-15.97638
-14.95828
-15.92958
-16.04360
-16.08219
-17.77095
-19.83245
-20.86916
-21.64273
-21.60408
-22.06627
-19.37680
-20.06161
-18.58652
-17.71892
-18.88435
-19.81564
-17.45208
-18.38965
-16.89654
-18.03886
-17.04469
-17.04469
-17.43735
-17.43735
-17.39322
-16.24435
-16.51627
-16.57928
-17.48829
-17.86139
-19.12323
-18.76117
-16.92741
-17.56703
-17.51199
-16.64706
-17.91162
-17.57493
-19.06338
-17.94813
-17.94813
-16.80618
-17.33556
-18.30168
-17.65958
-17.65958
-17.65958
-17.18703
-18.02026
-16.24441
-15.64607
-17.83960
-18.54045
-18.44108
-18.23468
-18.63963
-18.57568
-17.02359
-16.00825
-17.57407
-17.96949
-18.14710
-16.66489
-16.66043
-17.67865
-14.68257
-12.96148
-12.41893
-14.54102
-15.70656
-14.25655
-15.55236
-15.30003
-14.90489
-15.90875
-15.69797
-14.88277
-14.65247
-13.95296
-14.45184
-14.73815
-13.81409
-13.72152
-12.20816
-12.11054
-11.39385
-12.42813
-11.53548
-11.53169
-11.23107
-11.53935
-12.52024
-12.28333
-11.88489
-12.19148
-12.59553
-11.65051
-12.43635
-12.93032
-12.94166
-12.58462
-11.97707
-12.36848
-11.24281
-11.69114
-11.22406
-11.39377
-9.62813
-10.35433
-9.61319
-9.43132
-8.82116
-10.20699
-10.04969
-10.39899
-11.33416
-11.33416
-11.05897
-11.05897
-12.34173
-12.06035
-11.09220
-11.51773
-10.62554
-10.30774
-11.33441
-12.71881
-13.64911
-13.64911
-12.95161
-13.65718
-13.96262
-13.96262
-15.63350
-16.27192
-16.27192
-17.03137
-16.76107
-16.16620
-16.32752
-16.93909
-17.36477
-18.41509
-18.10204
-19.34606
-18.52316
-18.37473
-18.37473
-19.21750
-18.12426
-17.72059
-17.72059
-17.72059
-16.73239
-17.28799
-18.03357
-19.09392
-20.12855
-19.34906
-19.34906
-19.05013
-19.05013
-17.65501
-15.40005
-16.39034
-16.16255
-15.66658
-15.91399
-15.24124
-15.24124
-15.74858
-15.74858
-16.45094
-16.45094
-15.89637
-16.30118
-16.94101
-16.12478
-17.21649
-17.21649
-17.46868
-17.95795
-17.95795
-17.47281
-18.59278
-18.77186
-19.23775
-19.50531
-19.30827
-22.00381
-20.73703
-18.56339
-20.29561
-20.51887
-20.97569
-20.00757
-18.23231
-19.66544
-19.61867
-21.82827
-21.79085
-20.63757
-22.22106
-21.68802
-20.15883
-21.42593
-21.60831
-22.04156
-21.89346
-22.43017
-21.48257
-22.16360
-19.84652
-20.09481
-17.90962
-17.90962
-18.55749
-19.18134
-19.16936
-19.29086
-19.36834
-18.65345
-16.47327
-15.45316
-17.81464
-16.72689
-17.02635
-17.13445
-16.39114
-16.41578
-17.80680
-19.14603
-19.78583
-20.27972
-21.77072
-21.01889
-20.12226
-21.97649
-22.14040
-22.30368
-22.75760
-23.48424
-22.67987
-23.60328
-23.45988
-23.70625
-25.32687
-25.32687
-25.64019
-25.19196
-24.80688
-23.62396
-23.78674
-22.97058
-23.88249
-21.70436
-20.97956
-21.91105
-21.44555
-21.44555
-21.03906
-20.13719
-19.65182
-19.87961
-20.31589
-19.70229
-19.70229
-19.70229
-18.71956
-20.13920
-20.26073
-19.35339
-19.93803
-18.33740
-17.01208
-17.01208
-18.28388
-17.38285
-17.91383
-17.94704
-17.91818
-18.93244
-17.85868
-17.53709
-15.50093
-14.62517
-16.37276
-16.59467
-16.59467
-16.81988
-16.81988
-16.61149
-16.98389
-17.20486
-16.75085
-17.91671
-18.98734
-18.93860
-20.36484
-20.99843
-20.90248
-21.02411
-19.73744
-18.12224
-18.39792
-19.67944
-19.57441
-20.64654
-20.09805
-19.46884
-20.37282
-19.87938
-21.05538
-22.35186
-22.56332
-23.86074
-24.29430
-23.17373
-22.33289
-25.06619
-25.95795
-23.82289
-24.65789
-25.02189
-24.77302
-23.58167
-24.54132
-22.77474
-22.22681
-22.22681
-22.22681
-24.26338
-24.72875
-23.67550
-24.70186
-25.77394
-25.73825
-24.21148
-24.77485
-26.30064
-26.78414
-26.78414
-24.99208
-24.10612
-22.97781
-22.97781
-24.64384
-28.81470
-28.55214
-27.66709
-25.83212
-23.63713
-25.83212
-24.97335
-26.05597
-24.92464
-21.02991
-20.97377
-19.91381
-19.25554
-19.43123
-18.52070
-19.14767
-19.83782
-19.69789
-19.78020
-19.60192
-19.33030
-17.80961
-17.20562
-18.18407
-18.18407
-19.28024
-18.97359
-19.15408
-18.67428
-18.68662
-18.92240
-18.53028
-18.28987
-16.61205
-16.61205
-15.75031
-16.88508
-19.60934
-19.46358
-20.96961
-20.65257
-20.28010
-20.69790
-19.51921
-18.54569
-19.49502
-20.70985
-22.69109
-21.98131
-22.62644
-22.09800
-23.59054
-22.69182
-22.23615
-22.73400
-23.82863
-24.29211
-26.47787
-25.67489
-25.67489
-25.02409
-25.02409
-25.17566
-24.55102
-24.55102
-27.07577
-24.04266
-24.35690
-25.07490
-25.97177
-25.66415
-25.16862
-24.88113
-24.30701
-24.03647
-23.92731
-22.87900
-23.72319
-23.15405
-24.46120
-25.17010
-24.56415
-24.56415
-24.79273
-23.19986
-24.46666
-24.20926
-24.01163
-24.50590
-24.76269
-24.47726
-24.54062
-24.25365
-25.27769
-25.52130
-24.35570
-22.80703
-23.85345
-23.76310
-22.34786
-21.89145
-21.24394
-23.73479
-23.73479
-24.53647
-22.68810
-22.89610
-20.38171
-21.74179
-20.69115
-19.75882
-20.34751
-18.02299
-18.28791
-19.03899
-20.26511
-20.01456
-22.34633
-22.98847
-23.86528
-23.16309
-23.05170
-22.61591
-23.99076
-24.11726
-23.44335
-24.15161
-23.34429
-24.55078
-23.64487
-23.34911
-23.92735
-25.95582
-26.06503
-25.49758
-24.87868
-24.60718
-23.20260
-21.44389
-22.20375
-21.85706
-22.43991
-23.14760
-22.26852
-23.16764
-22.93156
-22.93156
-23.16223
-23.73066
-23.73066
-22.19526
-21.62003
-21.08729
-21.82424
-21.84625
-21.69746
-21.44423
-24.80198
-24.43131
-22.70478
-22.93940
-22.57982
-26.39917
-26.34532
-24.62295
-24.52972
-23.15410
-23.70922
-23.92210
-22.59873
-23.62606
-24.24690
-22.84855
-22.18126
-21.87457
-20.62276
-18.40633
-17.15487
-18.66989
-19.83185
-18.18445
-19.33840
-18.90341
-20.84368
-19.09220
-19.12376
-19.39668
-16.55815
-16.21683
-16.68209
-17.35340
-18.03329
-19.36395
-20.53219
-18.66702
-19.20466
-19.09933
-20.35206
-20.08730
-20.05228
-19.42161
-19.24312
-19.08895
-17.56955
-17.56955
-17.56955
-19.56320
-20.87753
-21.83003
-19.07088
-19.07795
-19.15887
-17.98375
-18.41237
-19.52576
-20.98050
-18.18992
-19.56822
-22.22084
-21.07086
-20.79410
-20.15567
-21.02361
-20.72765
-19.38163
-19.38163
-21.11996
-22.23281
-21.02191
-19.08658
-19.08658
-17.81886
-16.46318
-15.80550
-15.01134
-15.05531
-14.69082
-14.26868
-14.26868
-14.70908
-14.97559
-14.63663
-14.63663
-14.63663
-14.90637
-15.84687
-17.74424
-18.66740
-17.85344
-17.17731
-18.39841
-18.88085
-18.88085
-21.59440
-21.35376
-21.35376
-22.27350
-22.27350
-23.86491
-22.64820
-19.76274
-19.39927
-19.11644
-18.82398
-19.26835
-18.60466
-18.21973
-17.52801
-17.53700
-16.78868
-19.17234
-19.80654
-19.02283
-16.20042
-15.28506
-16.08339
-16.38658
-16.36000
-16.38553
-17.39303
-17.59066
-17.56553
-17.78843
-17.16077
-16.74590
-17.31685
-18.81543
-18.43000
-20.13745
-19.05506
-18.68323
-19.50825
-20.32621
-19.26433
-18.65112
-19.71678
-19.80305
-19.80305
-17.34602
-16.72259
-17.37695
-17.75149
-17.45223
-16.85388
-18.73949
-20.66089
-21.18497
-21.26294
-21.26294
-21.26294
-21.26294
-20.68542
-21.91333
-20.94353
-21.50624
-20.67787
-19.04874
-19.91131
-19.06945
-19.06945
-20.23604
-20.40319
-20.31795
-20.31795
-20.25802
-20.52678
-19.68169
-20.13856
-20.13856
-20.49163
-19.99970
-20.05275
-19.71064
-19.65302
-19.65302
-19.33195
-19.33195
-19.94580
-19.67084
-19.92660
-19.39585
-18.16649
-19.25015
-19.81689
-19.22829
-19.84340
-19.84340
-20.21037
-19.54002
-20.09937
-18.79311
-19.63470
-19.63247
-19.35391
-18.47061
-19.42637
-19.11483
-18.63764
-18.63764
-19.98486
-20.16267
-20.61631
-21.14511
-22.24927
-21.92171
-21.91552
-19.45208
-19.45208
-18.91267
-18.60143
-17.66195
-17.37236
-17.53682
-17.23695
-15.76343
-14.82810
-15.09081
-15.59530
-14.71325
-15.46722
-12.91324
-14.48318
-14.71559
-13.91282
-12.71747
-13.99840
-12.76042
-12.05598
-12.51202
-11.19728
-13.01342
-14.37306
-14.25303
-15.15200
-15.20662
-15.21606
-16.35783
-16.70323
-17.57816
-17.11997
-17.45701
-18.80948
-20.04775
-19.37041
-21.51196
-20.64441
-21.03189
-20.90671
-21.10987
-21.58117
-21.57881
-21.82561
-21.21054
-21.21054
-21.32142
-22.81989
-23.18217
-22.55413
-23.42556
-23.42698
-24.99786
-24.97017
-25.19458
-25.05229
-24.04889
-23.40931
-22.40374
-23.04769
-23.11374
-24.52868
-24.52868
-23.06868
-22.77706
-22.29633
-22.76648
-22.94239
-22.94239
-22.03595
-22.93106
-22.35423
-21.33211
-20.69378
-20.69378
-19.44166
-17.49356
-17.95475
-17.79700
-16.34235
-16.85617
-17.97063
-17.31480
-16.38204
-16.46629
-15.90057
-15.44269
-16.27636
-16.46501
-16.93913
-15.76453
-18.41002
-19.12019
-19.12019
-19.73800
-18.53963
-18.10159
-17.11105
-16.94550
-17.58678
-19.43873
-19.25745
-20.02193
-19.95808
-19.61424
-20.19928
-19.44434
-18.94614
-22.05592
-23.63553
-23.67546
-23.78767
-24.50297
-26.41413
-25.86331
-24.27641
-23.24051
-22.71021
-20.66531
-21.07390
-21.01115
-21.10893
-21.38746
-20.28625
-20.53421
-20.94711
-22.16597
-22.16597
-22.77820
-22.39717
-23.49055
-22.27944
-23.08633
-22.81266
-25.67366
-24.79517
-23.96318
-21.64849
-22.81476
-22.70735
-23.11354
-22.51482
-21.38993
-21.38993
-21.70830
-22.18797
-22.33226
-21.49279
-21.49279
-21.82744
-22.93946
-23.11119
-22.67595
-22.24277
-21.54525
-21.54525
-20.42437
-21.20961
-21.07874
-21.12690
-20.84583
-19.47573
-18.21777
-18.18026
-18.30717
-17.95002
-17.75962
-17.14989
-18.96718
-19.83712
-20.30175
-20.39969
-16.60570
-14.95713
-15.52103
-16.10465
-14.95447
-15.20597
-16.02358
-16.06419
-15.74777
-21.09561
-20.23321
-18.15304
-18.41504
-18.42088
-18.74080
-19.04438
-19.04438
-18.90109
-20.13441
-22.40059
-23.54144
-23.56826
-23.95406
-22.30507
-22.60222
-23.39004
-24.43663
-22.64378
-22.85055
-21.30126
-21.25993
-18.00594
-19.12881
-17.19755
-17.40219
-19.07313
-15.89948
-17.20747
-18.34137
-18.34137
-17.67549
-16.94646
-16.94646
-15.67843
-15.86673
-16.22462
-17.85028
-18.50256
-19.06164
-19.19622
-19.57414
-19.39345
-18.88820
-19.68139
-20.29118
-19.84855
-20.21751
-20.55241
-20.85529
-24.52985
-24.52985
-24.05354
-24.11088
-23.65003
-24.33095
-25.19677
-23.25302
-23.92953
-23.35883
-24.44548
-24.44548
-24.78907
-24.53989
-24.05532
-23.17632
-22.91620
-22.91620
-22.79384
-22.79384
-24.60031
-24.42386
-25.16320
-24.52755
-25.32168
-24.89683
-24.88230
-23.91021
-24.29690
-24.65976
-24.76367
-24.00495
-25.25225
-25.61311
-25.61311
-26.15786
-26.15786
-26.46869
-25.43902
-25.43902
-24.66934
-24.66934
-23.23698
-24.87872
-24.87872
-24.34820
-24.08048
-24.67407
-23.26105
-23.26105
-22.76211
-23.73338
-24.26895
-24.06341
