64 10 2

Slice 1
1.1961989402770996,-1.4605753421783447
1.0122817754745483,0.7328073382377625
0.5525526404380798,-0.7182485461235046
-2.2132270336151123,1.236810564994812
-0.5224687457084656,0.15411914885044098
0.4526835083961487,0.7773606777191162
0.7674989700317383,1.362592101097107
-0.9389937520027161,-0.4237506687641144
-0.042820993810892105,0.5632204413414001
-1.3277909755706787,0.2233828753232956

Slice 2
1.21044921875,-0.4075469672679901
-1.1609739065170288,0.14938555657863617
-0.34353122115135193,0.4607480764389038
-1.6695458889007568,0.3315281569957733
1.6942315101623535,0.6242982149124146
0.3153417408466339,-0.2903485894203186
0.31234240531921387,1.3670650720596313
0.35830816626548767,0.962799608707428
0.3155120313167572,0.14970214664936066
0.0684567540884018,-0.885562539100647

Slice 3
-1.3827500343322754,0.13635559380054474
-0.5023258328437805,-0.11078354716300964
-0.851097822189331,-1.3591686487197876
-1.3263113498687744,0.24037252366542816
-1.1919432878494263,-0.2796971797943115
0.28795328736305237,-0.4311375916004181
-1.347992181777954,0.5186446905136108
0.8295064568519592,-1.1233487129211426
-0.5223793387413025,0.2186947762966156
-0.2520104646682739,1.1696975231170654

Slice 4
0.8466393947601318,0.5413830876350403
-1.3892196416854858,0.6232860088348389
-0.21107538044452667,1.0528156757354736
-0.9263297915458679,0.27589595317840576
0.671423077583313,0.14367981255054474
0.8015004992485046,0.3409259617328644
-0.8838070034980774,0.25318482518196106
-0.5856037735939026,1.140105128288269
1.3838962316513062,0.20829737186431885
-0.9909321069717407,-0.12738023698329926

Slice 5
0.08436068892478943,-0.7649795413017273
1.31108820438385,-0.38404539227485657
-0.12126010656356812,0.03778103366494179
0.4537545442581177,-1.3538724184036255
2.284719705581665,-0.6071593761444092
-1.1653515100479126,-0.2217339724302292
0.5230913162231445,-1.2120574712753296
1.3412078619003296,0.4128887951374054
0.19940368831157684,0.7180080413818359
-1.3628071546554565,0.8169916868209839

Slice 6
1.008409857749939,-0.08587262779474258
0.5939341187477112,0.1700420081615448
-0.3228359818458557,0.5339579582214355
0.8295081853866577,1.3016371726989746
0.5423510670661926,0.3797871172428131
-0.0006038112915121019,0.7329732179641724
0.9820250868797302,0.18575800955295563
1.7465215921401978,0.7943410873413086
-0.2712302505970001,0.5281438231468201
-0.13465110957622528,0.8587273359298706

Slice 7
-0.45940905809402466,0.09390676021575928
1.2405518293380737,0.8421810865402222
0.2651711702346802,1.3695753812789917
-0.44499310851097107,-0.02485782653093338
0.9728763699531555,1.1666096448898315
1.1312530040740967,0.8459243774414062
-0.1423022747039795,0.16376550495624542
1.4555342197418213,0.5418187975883484
-0.7082112431526184,1.5723509788513184
-0.810067892074585,-0.4660263955593109

Slice 8
1.6759487390518188,0.6691071391105652
0.11392168700695038,-1.0526204109191895
0.7385935187339783,0.37272727489471436
0.413343220949173,-0.4810273349285126
0.32880404591560364,-0.5939421653747559
0.13295072317123413,-0.8828422427177429
-0.4765739440917969,0.3817305564880371
0.39010778069496155,0.06868959963321686
-0.05579570308327675,0.28598517179489136
-0.009274272248148918,0.3757474720478058

Slice 9
2.1690597534179688,1.2039000988006592
1.336065649986267,0.3527365028858185
-0.7805063724517822,-0.3435928523540497
0.44271641969680786,1.056801199913025
-0.09826426208019257,0.6589116454124451
-0.29658177495002747,0.030560683459043503
-0.9262614846229553,-1.2790639400482178
0.8691193461418152,-0.26703619956970215
-0.7940894961357117,-1.603864073753357
0.3241267502307892,1.0148967504501343

Slice 10
0.7934009432792664,0.8769272565841675
-0.8978443741798401,-1.264743685722351
-0.7005788087844849,0.3766424357891083
-0.5651743412017822,0.24797330796718597
-0.9990707635879517,-2.1405177116394043
-2.175591230392456,-0.745017409324646
0.06669317930936813,-1.1014814376831055
-0.708300769329071,-0.18881148099899292
-0.01646127924323082,-0.9588075280189514
-1.5468813180923462,-0.8347927927970886

Slice 11
-1.2382045984268188,-0.5425809621810913
-0.8104841709136963,-0.21472786366939545
0.75739586353302,0.9853654503822327
-0.18410341441631317,-0.08654234558343887
-0.10730201005935669,0.23430761694908142
0.09754227846860886,-0.21736115217208862
0.591815710067749,0.23369555175304413
-0.06545601040124893,-0.67091304063797
0.14391282200813293,-0.7685925960540771
-1.0298773050308228,-0.3180888295173645

Slice 12
-0.29209721088409424,0.3653603196144104
-0.18407350778579712,0.6741427183151245
1.2212764024734497,0.15632475912570953
0.9278732538223267,-1.3135396242141724
-0.15079107880592346,-0.7505277395248413
-0.8822370767593384,-1.0735182762145996
-0.5220903158187866,2.0406548976898193
-0.7040465474128723,0.5442171692848206
0.2409105896949768,0.8475435376167297
-0.6246241927146912,-1.3152142763137817

Slice 13
-0.8547728657722473,-1.168387770652771
-0.7439207434654236,-1.3702408075332642
0.9380683898925781,0.42206811904907227
-0.016093671321868896,0.49961134791374207
0.9049783945083618,0.9743943214416504
1.863334059715271,0.04169772192835808
-1.441099762916565,1.7098106145858765
0.5113656520843506,-0.7052949070930481
-1.407564640045166,-0.6625669598579407
-1.3087772130966187,0.07494675368070602

Slice 14
-0.7989746928215027,1.9540470838546753
-0.6305577158927917,-1.6762161254882812
0.0009225224494002759,-0.09211515635251999
-0.1265493780374527,1.4582879543304443
1.4625324010849,1.0128400325775146
-0.24160169064998627,1.716589331626892
0.04261576384305954,-0.6073143482208252
-0.26849570870399475,1.0542505979537964
-0.785987913608551,-1.0475537776947021
-0.07599201053380966,-0.04184771329164505

Slice 15
-1.3798444271087646,0.2960963845252991
0.5114652514457703,1.1811708211898804
0.8504507541656494,1.2721517086029053
0.20491279661655426,0.3814280331134796
1.1250683069229126,0.640177309513092
0.4909393787384033,-0.6006861329078674
-0.020134378224611282,-0.3109586238861084
0.5515815019607544,1.0704700946807861
2.119687080383301,1.1328587532043457
-0.5404461622238159,-0.7889387011528015

Slice 16
-0.7424577474594116,0.6248036026954651
-0.6427175402641296,-0.014453886076807976
-0.23642538487911224,0.1678461730480194
1.121778964996338,0.1581994742155075
0.7193922400474548,-0.2580905854701996
0.13113704323768616,-0.10936342924833298
-0.2599274516105652,-0.8874418139457703
0.03569436073303223,1.3328487873077393
1.0879548788070679,-0.09124496579170227
-1.6101460456848145,0.029025446623563766

Slice 17
-0.7399916052818298,-1.5866209268569946
0.04075111448764801,-1.437044382095337
0.1767835021018982,-0.9407984018325806
-0.3700370490550995,0.14222189784049988
-0.11751674860715866,-2.4954023361206055
1.5553399324417114,-0.560027003288269
1.1814639568328857,-0.6334720849990845
0.09728922694921494,-0.3744884431362152
0.15290752053260803,-0.4364655613899231
0.4252851903438568,-0.992636501789093

Slice 18
0.0350366048514843,-1.7980879545211792
-0.18717393279075623,0.2850894629955292
-0.304989218711853,1.156308889389038
1.4453010559082031,0.5614750981330872
1.1809362173080444,-0.013972208835184574
1.176285743713379,0.31751319766044617
-0.9328915476799011,0.08082548528909683
0.8111162781715393,-0.3414625823497772
2.467270851135254,-1.4437907934188843
-0.5161823034286499,1.0504664182662964

Slice 19
-1.134665608406067,-0.409181147813797
-0.43906542658805847,0.06165342032909393
0.27522483468055725,1.1034998893737793
-1.1518006324768066,-2.7710225582122803
-0.25064635276794434,0.14419835805892944
-0.24213548004627228,0.17025266587734222
0.37007638812065125,0.12923108041286469
0.13335967063903809,-0.32165825366973877
-0.07460179924964905,-0.31025561690330505
0.35974738001823425,-0.18088336288928986

Slice 20
-0.6842098832130432,-1.7691234350204468
0.7750309705734253,0.3082503080368042
-0.06099194288253784,-1.2015637159347534
0.050957124680280685,-0.4810620844364166
-0.6496561765670776,-0.018276693299412727
0.8495287299156189,-0.6210957169532776
-2.0572543144226074,0.4141462743282318
-0.33691027760505676,0.5442343950271606
-1.5336997509002686,-0.5218713283538818
2.2026288509368896,1.0636357069015503

Slice 21
0.14725947380065918,-0.7647826671600342
-0.7082695960998535,0.12295006960630417
-0.8188447952270508,-1.4449546337127686
-1.0664819478988647,-0.13185323774814606
0.5046021938323975,-0.25509199500083923
0.15199242532253265,-1.1285768747329712
0.8249221444129944,1.3824015855789185
-0.725096583366394,1.1705292463302612
0.237592414021492,-0.36981990933418274
0.4059404134750366,0.5710664987564087

Slice 22
0.8201331496238708,0.37633034586906433
0.32944533228874207,1.6729896068572998
-0.4084194600582123,-0.008285115472972393
-0.9673187732696533,-0.6551472544670105
0.9454359412193298,-0.6294639706611633
0.7716863751411438,-0.376862108707428
0.5502748489379883,1.00852632522583
0.5889657735824585,-0.8511992692947388
1.596364140510559,0.3128700852394104
-0.9311329126358032,-0.2671608328819275

Slice 23
-0.2757873237133026,0.5705481171607971
-0.05224760249257088,-1.0293291807174683
0.10831435024738312,-0.5280498266220093
0.44325560331344604,1.168038249015808
-0.07798262685537338,-0.7577979564666748
-1.1889376640319824,-0.7571163177490234
0.24526900053024292,-1.1118617057800293
-1.2066375017166138,0.48406511545181274
-0.27644073963165283,-0.07871758192777634
2.61063289642334,-1.0469368696212769

Slice 24
0.6289418339729309,1.6333563327789307
0.762740969657898,-0.33807772397994995
0.3110484480857849,-1.2798103094100952
0.07898719608783722,-0.3775841295719147
0.01436963677406311,-1.7662220001220703
0.1033681258559227,1.3084232807159424
1.1794252395629883,-0.2643086314201355
-1.381827473640442,-0.3467170298099518
-0.4302820563316345,-0.7509752511978149
1.7002155780792236,0.7120006084442139

Slice 25
-0.6125632524490356,0.40535950660705566
0.43589144945144653,-0.36653053760528564
0.2544196844100952,2.0121822357177734
-0.2228897660970688,-0.7086531519889832
-0.16888928413391113,-0.44583144783973694
1.090262770652771,0.31757304072380066
-1.0484603643417358,0.40209081768989563
-0.4009469747543335,-0.5703660845756531
-0.23862890899181366,-0.8832598328590393
0.8039323687553406,0.7375112175941467

Slice 26
1.5940932035446167,0.5681325793266296
-0.5295615792274475,0.4058533012866974
0.40238478779792786,1.1867237091064453
-0.05599160119891167,0.4011576473712921
1.038088083267212,-0.41094425320625305
-0.40129464864730835,-0.17108513414859772
0.7448711395263672,0.2522244453430176
0.36260509490966797,0.874835193157196
-3.20920729637146,-0.10434237122535706
1.4992578029632568,-0.2930239140987396

Slice 27
1.354689121246338,2.3041365146636963
0.44731590151786804,0.07208840548992157
-0.12979012727737427,1.4467884302139282
-0.4464206397533417,1.047170877456665
-1.1128002405166626,0.06045641005039215
0.40002474188804626,-0.6771877408027649
-1.1878471374511719,-0.0373554527759552
0.918470025062561,0.059745922684669495
-0.6397364139556885,-0.4184418320655823
-1.1583737134933472,-0.04895220324397087

Slice 28
0.8313307762145996,-2.320540428161621
0.3211027979850769,-0.08116164803504944
-0.9636961221694946,0.4146365821361542
-0.044398233294487,-0.6732182502746582
0.512099027633667,0.35269272327423096
0.11652258038520813,-1.205512285232544
-1.483324408531189,0.1461021900177002
-1.4557130336761475,-0.8632041811943054
-0.6135140657424927,-1.8808141946792603
-0.9383996725082397,-0.018041063100099564

Slice 29
-0.7522788643836975,1.6033313274383545
0.7032975554466248,0.004835308529436588
0.8270701169967651,1.4942339658737183
-0.030593711882829666,-0.7458285093307495
0.8242013454437256,0.5536763072013855
0.5047673583030701,0.35605382919311523
-1.0193290710449219,-0.12235471606254578
0.5761432647705078,0.7571956515312195
1.3744025230407715,0.2119119018316269
0.8937677145004272,0.8705234527587891

Slice 30
0.2071802020072937,0.41033443808555603
-1.2097681760787964,-1.6364428997039795
0.30236145853996277,-0.10143544524908066
1.2520872354507446,0.6959570646286011
-0.019816378131508827,0.642265260219574
1.0095634460449219,1.2142969369888306
0.19101189076900482,-0.2838152050971985
1.76362144947052,0.8111730217933655
-0.6421604752540588,-0.4155888557434082
-0.5706329345703125,0.13249440491199493

Slice 31
0.9893773794174194,0.6065422296524048
-0.02377699874341488,0.9908768534660339
-0.35206496715545654,-0.9584193229675293
-0.6903407573699951,-0.5067775845527649
0.7498248815536499,0.399827778339386
-0.5937209129333496,-0.1763983815908432
1.3295371532440186,0.7765222787857056
1.0393869876861572,-1.2432570457458496
-1.3251270055770874,-1.3815083503723145
0.053753990679979324,-0.26743584871292114

Slice 32
0.8387249112129211,0.5377495884895325
-0.20891113579273224,-0.9128636121749878
-0.04952196031808853,0.23474223911762238
-0.22557835280895233,-0.7005578875541687
0.21600371599197388,-0.26595741510391235
0.047574736177921295,-0.5985097289085388
-0.5645401477813721,0.007913263514637947
0.9024906754493713,0.6142528653144836
0.887089729309082,1.0133717060089111
-1.6109123229980469,-0.7787785530090332

Slice 33
2.7031307220458984,-0.6900731325149536
-0.7533019185066223,1.3506134748458862
-0.7818390727043152,0.0635363981127739
0.6169784665107727,1.1999006271362305
-0.07970689237117767,0.8023175597190857
1.0494440793991089,0.06526393443346024
-0.7748211622238159,1.4879186153411865
0.46065905690193176,-0.4574648141860962
1.1822762489318848,0.8287109732627869
1.1604541540145874,-0.15532203018665314

Slice 34
1.4499421119689941,-0.22203005850315094
0.8806235194206238,-0.4063252806663513
-0.29569149017333984,0.4999380111694336
-1.696884036064148,-1.9368172883987427
0.6027508974075317,1.4034205675125122
-0.31219375133514404,0.44313672184944153
1.6865466833114624,-0.4510843753814697
0.48403292894363403,-0.7056502103805542
-0.6737682819366455,-0.8637215495109558
-1.4116650819778442,-0.8511484861373901

Slice 35
-1.4540281295776367,-1.9533450603485107
-0.6387731432914734,-0.0708484873175621
-0.35163414478302,0.7627784013748169
-0.9343969821929932,-1.0826914310455322
-0.3345452845096588,1.4222911596298218
-0.05449669063091278,0.3748662769794464
1.7175451517105103,1.3091734647750854
-1.2396118640899658,-0.5821035504341125
-0.23623354732990265,-0.9066505432128906
1.295936107635498,0.07969928532838821

Slice 36
1.064386010169983,1.9094911813735962
-0.7701730728149414,-0.00923167821019888
-1.7402265071868896,-0.8078346848487854
0.6743433475494385,-0.5210619568824768
-0.4550642967224121,0.5506773591041565
-0.34957459568977356,-0.5637091398239136
-0.6698780059814453,-0.39528191089630127
0.3405286371707916,0.8269465565681458
0.02603808604180813,-0.19356223940849304
0.11048021167516708,-0.36114534735679626

Slice 37
-0.9388692378997803,0.26980769634246826
-0.6175108551979065,-0.8661254048347473
0.5800999999046326,-0.5396386981010437
-1.5910955667495728,-0.8653743267059326
0.736132800579071,-0.03697153925895691
1.0283294916152954,0.13520541787147522
-1.0552496910095215,0.5647296905517578
-0.17850865423679352,0.40337902307510376
0.4477514326572418,-0.25176727771759033
0.7105776071548462,-0.37800583243370056

Slice 38
1.253247857093811,-0.1582702398300171
-0.8411366939544678,-0.2225109040737152
-0.25418293476104736,-0.6577238440513611
-0.1148127093911171,0.6228158473968506
0.6219099164009094,0.7892452478408813
-0.6783889532089233,-0.3330839276313782
-0.7626219391822815,-2.076793670654297
-0.9013877511024475,-0.07899879664182663
-0.2608480155467987,-0.5111818313598633
0.5661657452583313,-0.561408281326294

Slice 39
-0.693891167640686,-1.1657344102859497
-1.0318024158477783,-0.3104456067085266
0.22554348409175873,-0.2868208587169647
-1.0959649085998535,-0.8355653882026672
-0.16404016315937042,-1.0569238662719727
-0.5180593729019165,-0.9473456740379333
-0.4596797227859497,-0.804146945476532
-0.8408554792404175,-0.5991482138633728
-0.8748103380203247,-1.0878782272338867
1.143881916999817,0.9515679478645325

Slice 40
-1.5421231985092163,0.18476910889148712
0.4146193861961365,1.7493244409561157
-1.0519628524780273,-0.3343222737312317
1.5228545665740967,2.236283302307129
0.5173237323760986,0.9625359177589417
-0.8529475927352905,0.587592363357544
2.303380012512207,0.21499890089035034
-0.15388280153274536,1.7035318613052368
-0.24870902299880981,0.5814261436462402
-0.8146577477455139,0.33995744585990906

Slice 41
-0.6653598546981812,0.22000716626644135
0.28607749938964844,-0.627901554107666
0.16295066475868225,-0.7798725962638855
0.13072748482227325,-0.7869625091552734
0.5532570481300354,-0.6189862489700317
2.198888063430786,1.3742156028747559
0.21433670818805695,0.5632741451263428
-0.2359960377216339,-1.10603928565979
-0.5348572731018066,1.3089663982391357
1.2228422164916992,0.27849462628364563

Slice 42
-0.16731460392475128,0.23360024392604828
-0.09105849266052246,0.11395678669214249
1.3916120529174805,0.4122271239757538
-0.003336708527058363,-0.9968119859695435
0.6829384565353394,0.3860871493816376
0.37447527050971985,-0.08160137385129929
0.07984132319688797,0.5353884696960449
0.7221335172653198,0.15237770974636078
-0.05693196877837181,0.5663102865219116
0.4968949258327484,0.2435481995344162

Slice 43
-0.6742570996284485,0.965520977973938
-0.056247513741254807,-0.9914073944091797
1.1209231615066528,-0.5242080092430115
0.6391025185585022,-0.023814843967556953
0.41226789355278015,0.360207736492157
1.5101752281188965,-4.9524998757988214e-05
0.015079155564308167,-0.33577442169189453
-1.1649270057678223,0.755882740020752
-0.578686535358429,-0.9265846014022827
-0.24641357362270355,0.5492354035377502

Slice 44
-0.1105588972568512,-0.8433845639228821
-0.29749664664268494,-0.6887041330337524
-0.2651882469654083,-0.6816157102584839
0.33742859959602356,0.029668789356946945
0.930889904499054,0.43942174315452576
-1.0335770845413208,-0.440894216299057
-0.38901856541633606,-0.6048455238342285
0.2935519814491272,0.45608991384506226
1.0787557363510132,1.8591665029525757
1.011379361152649,-0.5730673670768738

Slice 45
-1.2988284826278687,-0.7063764333724976
-0.7589316368103027,-0.6537770628929138
-0.6051377058029175,0.34224027395248413
0.5964497327804565,-1.625760793685913
0.34326621890068054,-0.04195720702409744
1.8003660440444946,0.3419423997402191
-0.26053139567375183,-1.4183788299560547
-1.183929204940796,-1.6841955184936523
-0.1995808482170105,-0.5181581377983093
-1.2431626319885254,-0.3260887563228607

Slice 46
0.7070210576057434,-0.028726302087306976
0.4919613003730774,-0.2319457232952118
-1.6347846984863281,-0.9321943521499634
-0.44068512320518494,-0.9323838949203491
0.9603009819984436,-0.606779158115387
-0.3360901474952698,0.2733423411846161
-0.7102251052856445,1.8487051725387573
-1.0112169981002808,0.07971877604722977
-0.3665761351585388,-0.7586594820022583
1.4798606634140015,-0.8501599431037903

Slice 47
0.6725412607192993,0.0520642027258873
-0.9501389861106873,0.2916509211063385
0.2881307005882263,-0.019409434869885445
-1.214253306388855,-0.6668576598167419
0.1308118999004364,0.40899935364723206
0.4895161986351013,-0.09696085751056671
-0.18089471757411957,-1.6241551637649536
0.025026947259902954,1.180267095565796
-0.7399286031723022,-0.30681124329566956
0.49024850130081177,-0.29082268476486206

Slice 48
0.900484025478363,0.6443877220153809
-0.9027250409126282,0.08544789254665375
0.8683250546455383,-0.2846236526966095
0.2771790027618408,-0.9871480464935303
1.066220760345459,0.5451549887657166
-0.6208483576774597,1.0428179502487183
-0.12948714196681976,1.2050243616104126
-1.398998498916626,0.08102944493293762
0.4391474425792694,-0.36733973026275635
0.06522216647863388,1.2536695003509521

Slice 49
-0.2911825180053711,0.7630184888839722
1.7916182279586792,0.06163526326417923
0.23233714699745178,-0.6063252091407776
1.1697571277618408,-0.7249955534934998
-0.10260563343763351,0.5003916621208191
-3.437018871307373,0.02129053883254528
0.3014373481273651,-0.04851272329688072
0.17546969652175903,-0.2282596081495285
-0.9127795696258545,-0.31306976079940796
-0.15798410773277283,0.8760408163070679

Slice 50
-0.33818188309669495,1.2984968423843384
-2.0821480751037598,-0.8972755670547485
0.8110741376876831,-0.04950963333249092
0.18328672647476196,-1.6015634536743164
-0.6055952906608582,0.6951234340667725
0.8616176247596741,0.2248394787311554
-0.37855544686317444,1.65873122215271
-0.7217305302619934,0.3805480897426605
-1.1543653011322021,-2.2385363578796387
-1.0700632333755493,0.2165464460849762

Slice 51
1.1343611478805542,1.011980652809143
0.6449289321899414,-0.08643150329589844
-0.5544572472572327,0.6602224707603455
0.14847059547901154,-0.5309741497039795
1.8965293169021606,0.6059945225715637
-1.0189917087554932,-0.7207302451133728
-0.0298831295222044,-0.8626956343650818
-1.0547161102294922,-1.801975131034851
-0.962099015712738,-0.3771677613258362
-0.03052133321762085,0.24018146097660065

Slice 52
-0.6337991952896118,0.37661147117614746
0.5730048418045044,-0.03663669154047966
0.3050956130027771,-0.06959053128957748
-0.6590142250061035,1.1789356470108032
0.8455113172531128,0.24949121475219727
0.2727533280849457,1.4332746267318726
0.3341984152793884,-0.5968061685562134
1.5030150413513184,0.9510491490364075
-1.2583116292953491,-0.7002681493759155
-1.8226194381713867,-0.4523150324821472

Slice 53
-0.6169880628585815,0.852096438407898
-0.039726365357637405,0.7473776936531067
-0.4278991222381592,-1.0738707780838013
-1.9935293197631836,-0.5753828287124634
0.9288635849952698,0.07423916459083557
-2.108609914779663,-1.4613778591156006
0.2506715953350067,-1.6767576932907104
0.5492112636566162,0.31509098410606384
-0.8263964653015137,1.4283689260482788
0.39020413160324097,-0.6032841205596924

Slice 54
-0.4963136613368988,-0.42170631885528564
-1.6630576848983765,0.39340224862098694
0.05293293669819832,-0.5021977424621582
0.542005181312561,-0.3960672616958618
-0.7620959877967834,0.25322699546813965
-1.440897822380066,-0.6247548460960388
0.8218607902526855,-1.477597951889038
-0.4956761300563812,1.094077229499817
-0.0015457957051694393,-0.710506796836853
-0.14366132020950317,-0.4414956867694855

Slice 55
0.19363434612751007,0.2954867482185364
0.6269219517707825,-0.20138344168663025
0.7709372639656067,-0.16691109538078308
0.37294822931289673,0.24877631664276123
0.5871714353561401,-0.6074231266975403
0.5651199817657471,-0.191677525639534
-0.09932396560907364,0.4080938398838043
1.1693735122680664,0.873047947883606
0.8280830383300781,1.7914210557937622
-0.3760778307914734,-1.6071690320968628

Slice 56
-0.46090301871299744,-0.7454537153244019
-0.2520463168621063,-0.27942997217178345
-0.37104904651641846,0.061671167612075806
1.9926769733428955,2.5013561248779297
0.2206941843032837,-0.5118175745010376
0.257156103849411,-0.2008385956287384
0.08694493770599365,0.5717673301696777
-0.9603399634361267,-0.6131058931350708
-0.5240563154220581,0.6539314985275269
-0.5022211074829102,0.1812126636505127

Slice 57
0.5106108784675598,2.2738285064697266
-0.2753627300262451,-1.4372197389602661
0.47622448205947876,1.3277543783187866
0.019492626190185547,-1.1525278091430664
0.8456806540489197,-0.7254580855369568
-0.029544692486524582,0.4951784908771515
-1.272663950920105,-0.9039949774742126
0.5536758303642273,-0.3036802411079407
-0.6669661998748779,0.027234269306063652
-0.7420890927314758,-1.3909944295883179

Slice 58
0.08541979640722275,0.5325804352760315
0.5366119742393494,1.0801929235458374
-0.5276917815208435,0.47895804047584534
0.4913032650947571,0.5716472268104553
1.676076889038086,-0.14477792382240295
-1.1747345924377441,0.30995917320251465
-1.40440034866333,-0.17944882810115814
0.22683392465114594,-0.05377877876162529
0.4429982602596283,-0.3646494448184967
-0.9418145418167114,0.09635898470878601

Slice 59
-2.912768602371216,-0.5748721957206726
-1.539581060409546,-0.8420303463935852
0.8570824265480042,-0.9199590086936951
-0.842839241027832,1.9692543745040894
-0.3397296965122223,-0.8213545083999634
1.4391112327575684,-0.17110314965248108
0.1703777015209198,1.5396349430084229
1.1628341674804688,0.2593955993652344
0.8734299540519714,-2.428385019302368
-1.4984543323516846,-0.4687824547290802

Slice 60
1.1079728603363037,0.642524242401123
0.12674671411514282,1.1004239320755005
1.4164905548095703,-0.5251967310905457
-1.0279191732406616,-0.09175140410661697
-1.158950924873352,0.8859072327613831
1.015916109085083,-0.9897444844245911
-0.6211079359054565,1.2280499935150146
1.7654030323028564,2.4042370319366455
-1.092058777809143,-0.7308152318000793
-0.6162434816360474,1.5310211181640625

Slice 61
0.07130773365497589,-0.8555678725242615
-0.2363501340150833,-0.40421655774116516
2.7076330184936523,1.4993938207626343
-0.8283617496490479,-2.066490650177002
0.8898729085922241,-0.40970325469970703
0.4399915337562561,-0.5617347955703735
0.445890873670578,0.07021085172891617
1.5429188013076782,0.7385730147361755
0.5954797863960266,0.6747269034385681
0.29626184701919556,-0.32108956575393677

Slice 62
-1.0256433486938477,-0.6694580316543579
0.019467893987894058,-0.4165850877761841
-0.15607216954231262,0.5282467603683472
-0.27282655239105225,-1.0847976207733154
-0.9635990858078003,-1.428283452987671
-1.648576021194458,-1.28551185131073
0.0028567006811499596,0.07082351297140121
0.11142570525407791,0.9614086747169495
-0.5363773107528687,-1.3311829566955566
-0.1700785756111145,-0.7057022452354431

Slice 63
1.0827990770339966,0.1896769255399704
-0.47791606187820435,-0.9027870893478394
0.09970784187316895,-0.644273042678833
1.0524375438690186,-0.8031269311904907
-1.5403268337249756,0.2469005435705185
0.4415481388568878,0.1432734727859497
0.34902212023735046,0.8691240549087524
0.3502586781978607,-0.1911119520664215
0.39465442299842834,0.7051210403442383
0.09396687895059586,-0.9076916575431824

Slice 64
-1.0441677570343018,-1.2577248811721802
1.0554792881011963,0.6591461300849915
-2.132462739944458,0.6751922369003296
-1.7631160020828247,-1.0546308755874634
1.1003668308258057,0.13231904804706573
0.4222579896450043,-0.4165917634963989
0.9160597920417786,-0.3644779622554779
-1.335050344467163,0.2631285786628723
-0.3364847004413605,1.0021659135818481
0.8689179420471191,-0.8185029029846191
