64 10 1

Slice 1
1.5628550052642822
-1.8272314071655273
1.1460046768188477
0.5990837812423706
0.6483633518218994
-0.8140592575073242
-2.5026910305023193
1.5262742042541504
-0.5325720310211182
0.16422228515148163

Slice 2
0.3184698522090912
0.9115745425224304
0.9058817625045776
1.224208950996399
-0.7914894819259644
-0.5712547898292542
-0.23307450115680695
0.7534739971160889
-1.3289783000946045
0.22456981241703033

Slice 3
1.4651367664337158
-0.6622340083122253
-1.4486229419708252
0.4370337128639221
-0.4643350839614868
0.5815520882606506
-2.018096685409546
0.6800788640975952
1.9025919437408447
0.41593682765960693

Slice 4
0.38082531094551086
-0.35583218932151794
0.26148682832717896
1.4179209470748901
0.3718845248222351
0.9492228627204895
0.15161345899105072
0.31360048055648804
0.07536303251981735
-0.8924691677093506

Slice 5
-1.5429160594940186
0.2965213656425476
-0.5717129707336426
-0.04139634594321251
-0.9464138150215149
-1.2638531923294067
-1.499942421913147
0.41400372982025146
-1.3621689081192017
-0.10947201400995255

Slice 6
0.17877162992954254
-0.32195594906806946
-1.4167441129684448
0.5873966813087463
1.124731183052063
-1.418573260307312
-0.6824306845664978
0.37874600291252136
-0.2558441162109375
1.1735316514968872

Slice 7
1.0506619215011597
0.3373606204986572
-1.7914761304855347
1.0255435705184937
-0.48459020256996155
1.3263299465179443
-1.172478437423706
0.5220450162887573
0.8054077625274658
0.009695013985037804

Slice 8
0.8125115036964417
0.3299151062965393
-1.0037217140197754
0.37309911847114563
-0.9277126789093018
1.4822149276733398
1.5176270008087158
0.07456617057323456
-0.9604218006134033
-0.1578906774520874

Slice 9
0.24942933022975922
-0.9300476908683777
1.5165371894836426
-0.5894943475723267
-0.16306334733963013
0.0795842856168747
0.3101577162742615
-1.2102751731872559
2.5860579013824463
-0.9084997177124023

Slice 10
-0.9838130474090576
-0.4032730162143707
0.4376574754714966
-1.126623272895813
1.249807596206665
0.5042888522148132
0.22609861195087433
0.6913132667541504
-1.5524065494537354
1.0065914392471313

Slice 11
1.228503942489624
-0.30596673488616943
0.639975368976593
0.1240009218454361
-0.5298648476600647
0.7409871220588684
0.6777750253677368
1.4533698558807373
0.762565016746521
0.15957362949848175

Slice 12
-0.13197867572307587
0.8643478751182556
1.0831538438796997
0.0846288800239563
2.1185903549194336
0.42227301001548767
-0.5730257630348206
0.8299391865730286
-0.3804766833782196
1.104552984237671

Slice 13
-0.5073445439338684
0.1418423354625702
1.2586370706558228
0.8240965008735657
-0.09255771338939667
1.7273045778274536
-0.3900260031223297
-0.07982487231492996
0.8808295130729675
1.2586567401885986

Slice 14
0.9773184061050415
0.9998583197593689
-0.2488287389278412
0.27029189467430115
1.433387279510498
0.5639662146568298
-1.0274194478988647
1.89155912399292
-0.9012168645858765
-0.37487727403640747

Slice 15
1.9961894750595093
0.348865807056427
0.2414206564426422
-1.180118441581726
0.8474820256233215
0.26383891701698303
0.4284295439720154
-0.496113657951355
0.5766240954399109
-0.8417623043060303

Slice 16
0.4841005206108093
-1.2339916229248047
-0.7195590138435364
0.6247155666351318
0.2961598038673401
0.16263747215270996
-0.19936920702457428
0.42955896258354187
0.12048196792602539
0.24599121510982513

Slice 17
2.383697986602783
0.9892594814300537
1.5916163921356201
0.0971853956580162
-0.8566622734069824
-0.2674368917942047
0.5222064852714539
0.977311372756958
-0.31504225730895996
0.8756898045539856

Slice 18
-0.467622846364975
0.2016017884016037
-0.7167613506317139
-1.4885647296905518
1.2574212551116943
-0.6553381085395813
-0.662321925163269
-1.735632061958313
0.25386419892311096
1.0851593017578125

Slice 19
0.5627361536026001
1.107591986656189
-0.7186845541000366
-1.4439043998718262
-0.8579331040382385
0.5339972376823425
-1.0072786808013916
0.6900771260261536
-0.8863855004310608
-2.253201484680176

Slice 20
-2.511103391647339
-0.4095038175582886
0.2482353150844574
-1.2830238342285156
-0.8127713799476624
-0.08434081077575684
0.11116950213909149
-1.0864380598068237
-1.5028867721557617
-0.8787872195243835

Slice 21
-1.5936022996902466
-0.18718309700489044
-1.0399664640426636
0.014754349365830421
0.7644811868667603
0.9782803654670715
0.0003450580989010632
-0.27099093794822693
-0.19516317546367645
0.3221687376499176

Slice 22
0.3713282346725464
-0.4911470413208008
0.732974648475647
0.09253658354282379
0.2304435521364212
-0.9668128490447998
0.4846392571926117
-1.1093183755874634
-1.3233888149261475
-0.024577373638749123

Slice 23
-0.09532480686903
0.16858802735805511
-0.04825723171234131
0.5383268594741821
1.0802992582321167
0.297301322221756
0.9245066046714783
-1.3101730346679688
-0.4364936351776123
-0.4648250341415405

Slice 24
-1.1351803541183472
-0.8205749988555908
-0.8568386435508728
2.3754029273986816
-0.9961820840835571
0.8363527059555054
0.2676135301589966
0.8208408355712891
-0.9117810726165771
-1.0280570983886719

Slice 25
-0.9798866510391235
-1.0432735681533813
-0.6724710464477539
-1.4416898488998413
0.7651339769363403
0.5950027108192444
-0.14338946342468262
0.6269071102142334
0.8044335842132568
1.074938178062439

Slice 26
2.0385212898254395
-0.13348941504955292
-1.828414797782898
2.09712553024292
0.544435441493988
-0.7383652925491333
-1.523639440536499
-0.5464919805526733
-1.5434194803237915
0.30958813428878784

Slice 27
-1.1199891567230225
2.275061845779419
-0.4669438600540161
-1.839829921722412
-0.15467436611652374
0.06348171085119247
-0.4727517366409302
1.8044909238815308
1.3376697301864624
1.1377027034759521

Slice 28
-0.31987664103507996
1.7948639392852783
-0.2277033030986786
-0.33699509501457214
-0.5130826830863953
1.298837661743164
-0.7731146216392517
-1.0604265928268433
-0.22531069815158844
0.10747101902961731

Slice 29
-1.8205831050872803
0.7368350028991699
0.7032628059387207
0.9893723726272583
0.6483827829360962
1.4742196798324585
0.08847565948963165
0.4978652000427246
1.0682324171066284
0.6970139145851135

Slice 30
0.8740690350532532
-0.9838154315948486
0.22489257156848907
-0.5559855699539185
0.42275506258010864
1.199296236038208
2.364337682723999
0.8882084488868713
-0.5913435220718384
-0.7380414009094238

Slice 31
-1.0349892377853394
0.9173351526260376
-0.5621873140335083
-0.09498407691717148
-0.13177035748958588
0.06319122761487961
0.9709743857383728
0.3090033233165741
0.9268954396247864
-0.46559301018714905

Slice 32
0.28619611263275146
-0.26442253589630127
-0.32515281438827515
-0.8222166299819946
-0.09605991840362549
1.464603066444397
1.4194988012313843
-0.42278867959976196
-1.8527027368545532
0.2715824246406555

Slice 33
-0.5044975876808167
-1.8221150636672974
0.1931934654712677
-1.5894869565963745
0.237900048494339
-1.0019147396087646
-0.23135018348693848
0.0035350422840565443
0.07405251264572144
-2.686972141265869

Slice 34
1.5776410102844238
-0.5823276042938232
1.4910770654678345
-0.9430855512619019
-0.04994426295161247
-0.22725491225719452
-0.09365952759981155
-0.18989849090576172
0.583759605884552
-1.151111364364624

Slice 35
0.32323721051216125
-2.0862889289855957
-0.045089613646268845
0.14300517737865448
-0.3782043159008026
1.2295246124267578
1.599044919013977
0.4077310264110565
1.0603466033935547
0.10661788284778595

Slice 36
0.9763474464416504
0.5174518823623657
-1.0154049396514893
0.16333933174610138
0.9158678650856018
-0.44621407985687256
2.7762815952301025
-1.7528024911880493
-0.8473525047302246
1.3816362619400024

Slice 37
-1.4776809215545654
-0.06616534292697906
-0.509538471698761
0.132126584649086
0.3022744357585907
1.0764505863189697
-0.8410828113555908
-3.081740379333496
-0.03003131039440632
-0.07641641050577164

Slice 38
-0.21092809736728668
0.1390453428030014
0.426434725522995
0.0728728324174881
0.273720920085907
-0.46201950311660767
-0.04917122796177864
-0.335686057806015
0.4319370985031128
-0.25307291746139526

Slice 39
-0.44610628485679626
-2.007227659225464
0.9238764047622681
0.15940485894680023
0.06382442265748978
-1.3263802528381348
0.10894189774990082
-0.5390468835830688
-0.5481974482536316
-0.1197349950671196

Slice 40
1.0218429565429688
-0.7934098243713379
-2.4163577556610107
0.7732511758804321
-0.43879225850105286
0.6461163759231567
-1.393692970275879
-0.6618784070014954
2.16689133644104
1.099374532699585

Slice 41
-0.12020720541477203
-0.4973158836364746
-0.6462906002998352
0.060970719903707504
-0.9450492858886719
-1.3187497854232788
-1.0022757053375244
-0.19605980813503265
0.7324171662330627
-0.4829072952270508

Slice 42
0.47535279393196106
-1.4519374370574951
0.8318330645561218
1.3754912614822388
-1.1183576583862305
1.5637904405593872
0.3519226610660553
-0.48415008187294006
0.3794345557689667
0.5975720286369324

Slice 43
0.6764720678329468
0.5199920535087585
-0.043890275061130524
2.046325206756592
-0.5165079236030579
0.09980322420597076
-0.983065128326416
-0.639401376247406
1.126291275024414
-0.8103187680244446

Slice 44
1.0153911113739014
-0.6205669045448303
0.3662223815917969
1.1925779581069946
0.8172106146812439
-1.0794445276260376
1.8628367185592651
0.046397969126701355
-1.1959922313690186
-0.002301478525623679

Slice 45
-0.36658942699432373
0.6613500118255615
-0.10010694712400436
-0.9814707040786743
0.3034345805644989
-0.723170280456543
0.7263912558555603
0.8849028944969177
-0.059152934700250626
-0.7766273021697998

Slice 46
-1.251874566078186
-0.694179356098175
0.5461867451667786
-1.4127789735794067
-1.1363685131072998
0.4137958586215973
-0.215765580534935
-0.13939276337623596
2.933562994003296
-1.3698664903640747

Slice 47
0.48634129762649536
1.775957703590393
0.9367753863334656
-0.5121124982833862
0.5831712484359741
-1.5519332885742188
0.2913210690021515
-0.5899180173873901
0.0952703058719635
-1.8471230268478394

Slice 48
-0.07090848684310913
1.4827005863189697
1.4237951040267944
-0.508678138256073
-1.6200858354568481
-0.10845999419689178
-0.39738190174102783
-0.7838751673698425
1.9469268321990967
0.46529000997543335

Slice 49
-0.6131108403205872
0.4059070348739624
0.20103023946285248
-0.13166934251785278
-0.07465709000825882
2.3412575721740723
-0.1811244636774063
-0.7504181861877441
-0.3903382122516632
-0.22438263893127441

Slice 50
0.9201111793518066
0.4877253770828247
-1.4580579996109009
0.8116888999938965
-0.5697486996650696
-0.4015645682811737
-0.485406756401062
-0.6364825367927551
0.9034591317176819
0.6379844546318054

Slice 51
1.5771756172180176
0.5850499272346497
-0.6220704913139343
0.4983624815940857
0.4711814820766449
1.1179269552230835
-0.20891854166984558
0.5540845990180969
1.224889874458313
-0.5977462530136108

Slice 52
-0.5361250042915344
-0.036254458129405975
0.817348301410675
0.179746612906456
0.6411272883415222
0.5963133573532104
-3.6270735263824463
0.31352367997169495
1.777034878730774
-0.5708009600639343

Slice 53
1.2956660985946655
2.363159656524658
0.6470772624015808
-0.12767300009727478
-0.43343019485473633
1.7504278421401978
-0.7313968539237976
1.3321459293365479
-1.1168040037155151
0.06445976346731186

Slice 54
0.6098915338516235
-0.8870542049407959
-1.122759461402893
-0.10244305431842804
1.0980104207992554
-0.1197945773601532
-0.7725059986114502
-0.2856721580028534
-1.4923102855682373
0.2849843204021454

Slice 55
1.201238751411438
-2.6904499530792236
0.16043218970298767
0.07950884848833084
-0.9636630415916443
0.41460365056991577
-0.21312043070793152
-0.5044959783554077
0.38963583111763
0.47515568137168884

Slice 56
0.2694335877895355
-1.3584232330322266
-1.5450501441955566
0.20782779157161713
-1.4040329456329346
-0.9148842096328735
-0.5544590950012207
-1.9398692846298218
-0.7526990175247192
-0.20374178886413574

Slice 57
-1.1072591543197632
1.958311676979065
0.4932885468006134
0.21484452486038208
0.7477450966835022
1.5735576152801514
-0.014648341573774815
-0.7617738246917725
0.5999017953872681
0.7779759764671326

Slice 58
0.577292263507843
0.2835288643836975
-1.225106954574585
0.0834239050745964
0.7457368969917297
0.5876018404960632
1.0709481239318848
0.5153665542602539
0.7868348956108093
0.9774563312530518

Slice 59
0.169070765376091
0.4484441876411438
-1.3282804489135742
-1.5179308652877808
0.47737231850624084
-0.27644625306129456
1.5602777004241943
0.3877660036087036
-0.3111630082130432
0.9336119294166565

Slice 60
0.9268003702163696
1.2970597743988037
0.4492572844028473
-0.5420606732368469
2.1234147548675537
0.4513804018497467
-0.7160360217094421
-0.34171295166015625
-0.39070188999176025
-0.04743713513016701

Slice 61
1.1380760669708252
0.45784345269203186
-0.21611995995044708
1.1832199096679688
-0.5278459191322327
-0.7826381325721741
-0.9901517033576965
-0.20696726441383362
0.7864428162574768
0.3632103204727173

Slice 62
-0.36824455857276917
-0.4018748998641968
1.0661147832870483
1.0399434566497803
1.4891061782836914
-1.6929762363433838
-1.0862518548965454
-1.6203837394714355
0.14680814743041992
-0.36048996448516846

Slice 63
0.8857752680778503
0.4906992018222809
0.07107862085103989
-1.1928530931472778
-0.13354778289794922
0.3187680244445801
0.009317733347415924
-0.9354539513587952
0.27952471375465393
-0.3294781744480133

Slice 64
0.4063001871109009
-0.9572349190711975
-0.8981993794441223
0.34157297015190125
0.8799454569816589
0.636798083782196
0.7841370105743408
1.116324543952942
-1.9475696086883545
-0.4421205520629883
