8 28
8 12
8 22
31 22
8 18
8 11
21 12
8 5
9 25
3 18
18 14
0 8
14 14
8 14
29 21
30 29
34 27
31 9
22 8
14 11
8 14
7 30
14 2
4 29
33 14
31 10
22 10
9 11
9 13
7 9
14 10
7 14
9 9
9 27
8 0
22 14
8 14
0 11
27 14
14 14
14 16
29 21
7 29
8 14
8 9
19 14
19 29
10 8
9 14
27 14
18 11
29 32
8 9
7 16
7 14
15 22
9 33
14 15
0 27
11 3
9 3
28 26
8 14
32 14
18 30
21 22
17 25
7 14
8 14
30 22
27 7
32 10
8 26
9 3
33 22
27 14
26 14
8 7
14 14
10 3
14 14
31 15
7 31
8 14
32 13
10 10
18 9
15 12
0 11
0 14
1 34
8 28
30 11
12 22
7 15
25 24
4 10
9 10
14 10
9 10
27 31
13 26
18 23
10 14
0 16
13 5
8 14
1 23
30 9
31 34
21 14
9 22
10 30
30 0
9 5
26 29
15 31
3 16
14 31
14 18
8 3
18 21
4 5
0 30
9 14
24 29
14 14
13 5
9 23
8 6
14 13
32 5
9 8
8 12
8 27
7 9
6 28
0 3
19 5
0 14
5 16
9 3
8 0
9 14
14 16
14 24
9 21
9 14
9 10
9 31
0 6
12 21
34 23
0 6
23 14
8 15
0 33
6 31
34 28
24 11
16 6
8 30
19 24
0 22
25 14
9 8
0 5
14 8
8 15
14 3
6 29
0 3
23 0
28 33
21 15
9 26
30 4
0 27
12 6
11 11
3 24
13 18
24 14
0 27
8 14
34 14
13 30
8 0
17 15
8 17
33 27
10 1
8 24
7 16
25 28
5 10
8 16
13 3
8 32
8 34
31 5
22 14
9 14
16 11
25 14
23 8
19 10
18 2
15 0
22 16
8 13
9 14
7 27
14 10
22 24
9 10
7 15
5 16
9 14
22 9
13 17
8 33
22 14
7 32
33 12
16 32
24 24
8 23
14 11
9 25
31 31
14 8
26 9
10 15
28 7
9 27
7 30
1 31
14 26
16 6
25 14
0 25
8 33
30 29
30 15
31 14
29 34
8 14
18 7
7 30
26 14
5 10
15 24
10 10
10 26
22 15
26 31
4 6
0 14
28 16
9 14
0 8
24 13
9 14
7 10
33 15
13 3
17 15
9 1
14 31
8 23
27 25
9 30
8 15
1 7
27 3
31 1
1 18
23 27
1 14
28 9
10 24
0 3
6 1
23 14
5 31
7 28
9 24
7 14
8 10
8 30
0 1
0 0
14 29
27 14
6 10
14 29
0 30
31 29
0 16
0 21
8 30
21 14
11 3
14 33
7 26
9 18
9 7
24 21
18 17
30 14
14 16
31 8
21 29
0 18
22 15
21 8
22 14
3 26
14 34
14 21
7 21
9 10
18 9
26 3
9 14
14 6
0 28
8 29
0 16
10 24
0 11
14 26
23 8
7 32
9 15
8 14
4 1
17 8
24 1
7 29
29 6
7 11
27 14
1 8
15 3
9 14
0 10
32 0
7 8
26 6
23 9
29 16
32 23
7 7
14 22
8 21
22 21
4 31
8 15
6 23
31 4
0 34
8 5
1 9
7 9
9 18
8 7
8 15
0 24
9 13
29 11
30 29
5 14
9 26
21 14
9 30
6 14
34 14
18 15
32 32
18 14
14 9
14 33
19 13
21 32
8 6
9 15
26 29
33 14
18 33
25 27
32 0
16 29
26 30
8 16
3 15
22 14
8 5
13 7
22 1
15 14
9 24
5 14
14 14
9 13
0 30
30 27
7 29
0 9
30 26
6 34
1 21
9 30
0 6
28 8
13 30
28 14
18 21
9 13
10 21
13 14
8 16
8 27
22 29
10 0
9 34
8 34
9 16
10 26
30 6
8 26
27 31
0 25
10 22
9 14
23 33
34 18
0 24
3 26
0 14
10 6
32 11
14 32
9 27
9 14
15 9
18 18
30 24
25 32
14 18
0 6
0 15
13 14
0 24
7 11
6 5
10 17
9 32
0 30
14 15
27 30
9 29
9 15
10 16
9 14
5 23
9 32
30 32
26 21
0 33
32 14
6 11
8 14
10 14
25 14
0 14
34 22
1 21
34 11
7 14
8 14
8 15
9 18
13 30
13 5
0 6
8 15
9 30
0 15
31 8
0 9
8 34
18 23
9 8
1 7
16 14
28 30
5 16
0 12
21 30
7 29
21 29
30 30
18 34
13 16
6 7
26 23
16 14
8 0
30 25
34 11
0 1
9 14
8 9
19 29
3 30
10 33
14 23
22 32
7 17
9 21
0 15
9 14
27 15
29 14
5 1
31 16
6 0
13 17
27 33
18 14
8 8
1 22
9 5
13 27
31 14
8 11
7 7
13 22
14 34
26 33
8 31
0 11
34 1
22 31
0 29
9 6
31 14
33 32
19 32
16 25
8 10
7 14
7 14
7 29
7 21
23 10
6 14
19 26
1 15
27 26
6 1
16 23
5 14
13 22
3 33
18 7
8 27
10 14
26 30
10 15
8 30
9 15
28 15
8 8
32 29
25 11
8 29
14 15
26 23
9 23
8 32
7 15
8 24
10 25
9 14
29 28
30 5
27 10
0 14
7 14
6 26
0 31
10 16
8 5
18 14
3 1
13 9
12 28
14 4
34 10
8 34
9 15
0 22
14 16
9 14
5 5
6 34
28 22
32 14
31 14
33 8
0 30
9 28
29 2
27 16
0 14
27 7
30 22
8 5
7 15
14 12
7 10
8 21
18 30
5 16
13 23
27 16
27 23
0 21
9 26
7 29
0 5
28 25
9 12
23 10
14 33
7 14
7 24
25 14
9 8
0 14
0 14
8 14
9 32
27 27
0 5
10 23
0 1
15 22
8 8
8 3
24 34
9 17
8 16
21 15
9 8
28 2
0 14
8 5
30 14
0 26
8 7
8 22
24 31
13 30
30 11
0 13
0 14
9 14
33 2
0 8
7 32
7 27
25 32
14 15
5 14
19 16
7 13
13 16
8 14
27 14
23 2
8 27
3 28
4 13
4 14
8 33
0 34
34 28
9 16
7 18
31 14
24 13
0 8
7 8
31 26
9 5
7 16
0 5
9 29
27 28
14 9
5 14
12 18
29 7
14 30
17 29
14 11
9 1
21 9
9 15
24 24
31 16
25 21
13 14
4 14
33 8
15 21
8 26
23 23
15 26
1 24
21 28
17 14
34 15
7 15
16 22
18 31
18 14
5 26
9 14
8 15
9 33
7 33
9 27
33 23
23 21
24 13
22 22
29 34
25 27
23 8
17 25
21 29
0 10
17 8
15 29
18 14
22 14
31 3
14 34
9 14
0 26
30 15
7 27
5 13
9 13
33 3
22 0
19 14
13 25
9 26
8 9
15 14
21 16
0 3
24 25
14 6
7 33
27 26
13 27
0 9
14 24
14 25
21 9
14 24
0 14
30 26
0 16
9 15
8 14
14 3
0 5
23 24
6 8
9 14
8 10
11 24
34 0
23 7
28 15
28 29
33 30
14 30
9 33
3 32
18 24
9 14
7 33
9 31
14 16
26 26
9 3
3 14
9 0
9 28
30 15
0 31
4 23
29 10
10 4
6 14
9 10
8 15
9 11
9 27
18 14
9 25
5 15
14 25
7 31
24 34
8 14
1 15
33 3
6 7
9 33
8 8
21 9
13 10
28 14
9 29
0 10
5 13
8 32
27 15
8 31
8 25
9 3
13 14
8 14
0 26
7 16
10 25
1 34
9 24
8 15
26 14
26 15
0 30
23 1
14 15
1 13
9 30
19 24
14 32
8 3
7 15
14 14
1 18
9 14
9 17
7 14
0 34
30 26
10 7
9 14
0 8
9 0
10 27
9 15
16 26
9 14
29 8
8 14
8 11
8 12
7 30
27 17
33 5
9 14
25 1
6 11
9 8
31 22
21 32
7 28
13 30
23 15
6 32
1 14
0 28
19 33
5 25
7 31
8 5
18 15
0 25
0 5
7 14
0 27
1 6
14 14
13 24
24 14
18 14
32 30
8 7
13 17
32 9
33 9
14 9
22 2
13 14
23 1
8 29
8 14
10 9
22 32
4 10
15 26
9 24
7 9
8 14
34 33
26 2
26 9
9 21
9 15
0 34
10 14
31 14
8 13
7 7
29 24
8 3
27 25
9 8
8 14
9 22
13 9
29 14
8 14
14 26
9 26
23 14
9 9
19 31
8 7
15 24
14 25
13 15
9 29
14 21
9 29
7 7
8 34
1 6
14 16
13 25
9 14
9 31
10 16
10 18
9 9
9 25
27 1
10 7
13 23
23 15
7 32
14 14
10 0
9 31
9 5
33 26
8 29
27 27
8 14
8 28
8 14
32 14
22 10
13 33
9 8
31 18
10 16
9 24
25 14
0 34
3 14
0 22
14 11
33 16
9 1
9 16
30 11
9 13
