3 28
3 28
3 24
3 28
3 28
3 28
3 28
3 28
3 28
3 28
3 28
3 28
3 28
3 28
3 28
3 28
3 28
34 28
3 28
3 28
3 28
3 28
3 28
34 28
3 28
3 28
3 28
3 28
34 28
3 28
3 28
3 28
3 28
3 28
3 28
3 28
3 28
3 28
3 28
3 28
3 28
3 28
3 24
3 28
3 28
3 28
3 28
3 28
3 28
3 28
3 28
3 28
3 28
3 28
3 28
34 28
3 24
3 28
3 28
3 28
3 28
3 28
3 28
3 28
3 28
3 28
3 28
3 28
3 28
3 28
3 28
3 28
3 28
3 28
3 28
3 28
3 28
3 28
3 28
3 28
3 28
3 28
3 28
3 28
3 28
3 28
3 28
3 28
3 28
3 28
3 28
3 28
3 28
3 28
3 28
3 28
3 28
3 28
3 28
3 28
