8 21
10 26
9 27
25 13
25 17
18 24
15 0
29 29
24 21
31 17
9 29
8 0
7 29
23 11
18 6
22 9
2 28
19 23
13 12
30 25
10 13
33 8
25 4
26 0
24 8
7 25
10 14
32 0
29 22
33 3
12 0
13 13
34 3
29 29
29 6
9 17
21 30
18 18
21 32
32 21
8 25
10 18
33 5
18 27
24 18
23 7
1 3
1 19
4 11
12 8
31 26
20 0
7 32
28 23
4 31
14 16
21 24
14 10
30 5
20 32
24 33
19 2
2 6
20 7
10 24
4 3
31 24
32 32
25 30
16 21
19 18
31 19
13 17
29 15
23 14
4 20
22 32
22 13
9 9
24 32
4 28
3 3
15 6
28 4
21 29
20 7
16 29
9 13
21 28
32 34
13 30
10 7
12 6
7 6
6 19
0 10
25 9
1 21
5 20
13 13
