 1.00  2.00  1.47
 1.00  3.00  3.07
 1.00  4.00  3.01
 1.00  5.00  2.93
 1.00  6.00  5.14
 1.00  7.00  6.54
 1.00  8.00  6.79
 1.00  9.00  7.78
 1.00 10.00  3.58
 1.00 11.00  9.30
 1.00 12.00 10.38
 1.00 13.00 13.10
 1.00 14.00 14.35
 1.00 15.00 16.04
 1.00 16.00 13.10
 1.00 17.00 10.28
 1.00 18.00 13.78
 1.00 19.00 14.61
 1.00 20.00 11.13
 1.00 21.00 12.26
 1.00 22.00 14.71
 1.00 23.00 12.01
 1.00 24.00  9.57
 1.00 25.00 14.39
 1.00 26.00 17.08
 1.00 27.00 15.20
 1.00 28.00 12.68
 1.00 29.00 17.82
 1.00 30.00 19.65
 1.00 31.00 22.66
 1.00 32.00 22.49
 1.00 33.00 19.48
 1.00 34.00 23.94
 1.00 35.00 23.63
 1.00 36.00 19.63
 1.00 37.00 17.36
 1.00 38.00 14.90
 1.00 39.00 15.22
 1.00 40.00 14.90
 1.00 41.00 11.90
 1.00 42.00 10.64
 1.00 43.00 12.26
 1.00 44.00 11.04
 1.00 45.00  7.78
 1.00 46.00  8.93
 1.00 47.00 10.65
 1.00 48.00  8.98
 1.00 49.00  6.12
 1.00 50.00  9.00
 1.00 51.00 11.27
 1.00 52.00  8.93
 1.00 53.00  6.53
 1.00 54.00 11.89
 1.00 55.00 13.34
 1.00 56.00 14.36
 1.00 57.00 14.36
 1.00 58.00 11.17
 1.00 59.00  9.64
 1.00 60.00 12.03
 1.00 61.00 11.29
 1.00 62.00  3.30
 1.00 63.00  7.02
 2.00  3.00  1.29
 2.00  4.00  3.31
 2.00  5.00  3.42
 2.00  6.00  3.14
 2.00  7.00  4.94
 2.00  8.00  5.21
 2.00  9.00  7.59
 2.00 10.00  7.60
 2.00 11.00  9.87
 2.00 12.00  8.83
 2.00 13.00 10.76
 2.00 14.00 11.35
 2.00 15.00 12.63
 2.00 16.00  9.72
 2.00 17.00  7.13
 2.00 18.00 10.09
 2.00 19.00 11.31
 2.00 20.00  8.01
 2.00 21.00  8.95
 2.00 22.00 11.49
 2.00 23.00 10.03
 2.00 24.00  7.49
 2.00 25.00 11.99
 2.00 26.00 14.72
 2.00 27.00 14.36
 2.00 28.00 11.86
 2.00 29.00 16.21
 2.00 30.00 17.80
 2.00 31.00 21.06
 2.00 32.00 20.61
 2.00 33.00 18.38
 2.00 34.00 23.01
 2.00 35.00 22.53
 2.00 36.00 18.63
 2.00 37.00 16.16
 2.00 38.00 14.59
 2.00 39.00 14.35
 2.00 40.00 12.80
 2.00 41.00 10.15
 2.00 42.00  9.71
 2.00 43.00  9.97
 2.00 44.00  7.44
 2.00 45.00  5.13
 2.00 46.00  6.82
 2.00 47.00  7.37
 2.00 48.00  2.84
 2.00 49.00  3.74
 2.00 50.00  5.82
 2.00 51.00  6.78
 2.00 52.00  3.31
 2.00 53.00  3.67
 2.00 54.00  8.00
 2.00 55.00  9.19
 2.00 56.00 11.18
 2.00 57.00 10.40
 2.00 58.00  7.01
 2.00 59.00  7.36
 2.00 60.00  9.39
 2.00 61.00  8.57
 2.00 62.00  2.82
 2.00 63.00  7.38
 3.00  4.00  1.25
 3.00  5.00  3.21
 3.00  6.00  3.30
 3.00  7.00  2.75
 3.00  8.00  2.90
 3.00  9.00  3.46
 3.00 10.00  3.46
 3.00 11.00  5.01
 3.00 12.00  5.30
 3.00 13.00  7.51
 3.00 14.00  8.62
 3.00 15.00 10.72
 3.00 16.00  8.94
 3.00 17.00  5.13
 3.00 18.00 10.12
 3.00 19.00 10.86
 3.00 20.00  7.23
 3.00 21.00  9.27
 3.00 22.00 12.00
 3.00 23.00  8.38
 3.00 24.00  7.43
 3.00 25.00 12.70
 3.00 26.00 15.29
 3.00 27.00 13.53
 3.00 28.00 11.95
 3.00 29.00 17.22
 3.00 30.00 19.68
 3.00 31.00 22.41
 3.00 32.00 21.00
 3.00 33.00 19.02
 3.00 34.00 24.16
 3.00 35.00 24.80
 3.00 36.00 20.79
 3.00 37.00 19.33
 3.00 38.00 16.40
 3.00 39.00 16.10
 3.00 40.00 16.38
 3.00 41.00 13.72
 3.00 42.00 11.73
 3.00 43.00 12.89
 3.00 44.00 11.84
 3.00 45.00  8.49
 3.00 46.00  8.89
 3.00 47.00 10.69
 3.00 48.00  8.77
 3.00 49.00  5.61
 3.00 50.00  7.75
 3.00 51.00 10.00
 3.00 52.00  7.27
 3.00 53.00  3.55
 3.00 54.00  7.98
 3.00 55.00  8.36
 3.00 56.00  8.64
 3.00 57.00  9.84
 3.00 58.00  7.71
 3.00 59.00  3.17
 3.00 60.00  6.81
 3.00 61.00  8.50
 3.00 62.00  3.78
 3.00 63.00  2.65
 4.00  5.00  1.27
 4.00  6.00  3.09
 4.00  7.00  2.96
 4.00  8.00  4.48
 4.00  9.00  6.80
 4.00 10.00  6.44
 4.00 11.00  9.47
 4.00 12.00  9.13
 4.00 13.00 12.13
 4.00 14.00 13.45
 4.00 15.00 14.21
 4.00 16.00 11.02
 4.00 17.00  9.33
 4.00 18.00 12.31
 4.00 19.00 11.97
 4.00 20.00  8.41
 4.00 21.00 10.11
 4.00 22.00 12.50
 4.00 23.00  7.74
 4.00 24.00  6.44
 4.00 25.00 11.91
 4.00 26.00 14.39
 4.00 27.00 10.95
 4.00 28.00  9.52
 4.00 29.00 15.59
 4.00 30.00 18.29
 4.00 31.00 20.86
 4.00 32.00 19.48
 4.00 33.00 16.85
 4.00 34.00 21.93
 4.00 35.00 22.20
 4.00 36.00 17.89
 4.00 37.00 16.73
 4.00 38.00 13.67
 4.00 39.00 13.87
 4.00 40.00 14.64
 4.00 41.00 12.04
 4.00 42.00  9.93
 4.00 43.00 11.87
 4.00 44.00 11.82
 4.00 45.00  8.31
 4.00 46.00  7.89
 4.00 47.00 10.74
 4.00 48.00 10.60
 4.00 49.00  7.10
 4.00 50.00  9.54
 4.00 51.00 12.08
 4.00 52.00 10.94
 4.00 53.00  6.33
 4.00 54.00 12.16
 4.00 55.00 14.52
 4.00 56.00 16.35
 4.00 57.00 16.84
 4.00 58.00 13.68
 4.00 59.00 10.49
 4.00 60.00 14.51
 4.00 61.00 14.55
 4.00 62.00  6.53
 4.00 63.00  9.84
 5.00  6.00  1.30
 5.00  7.00  3.18
 5.00  8.00  5.69
 5.00  9.00  8.68
 5.00 10.00  9.40
 5.00 11.00 11.86
 5.00 12.00 10.72
 5.00 13.00 12.64
 5.00 14.00 12.91
 5.00 15.00 13.26
 5.00 16.00  9.98
 5.00 17.00  8.82
 5.00 18.00 10.90
 5.00 19.00 10.13
 5.00 20.00  6.95
 5.00 21.00  7.77
 5.00 22.00  9.85
 5.00 23.00  6.53
 5.00 24.00  3.58
 5.00 25.00  8.79
 5.00 26.00 11.34
 5.00 27.00  9.41
 5.00 28.00  7.00
 5.00 29.00 12.49
 5.00 30.00 14.43
 5.00 31.00 17.41
 5.00 32.00 16.60
 5.00 33.00 14.06
 5.00 34.00 18.89
 5.00 35.00 19.02
 5.00 36.00 15.03
 5.00 37.00 13.25
 5.00 38.00 10.64
 5.00 39.00 10.29
 5.00 40.00 10.25
 5.00 41.00  7.69
 5.00 42.00  5.61
 5.00 43.00  7.33
 5.00 44.00  6.98
 5.00 45.00  4.00
 5.00 46.00  4.03
 5.00 47.00  6.17
 5.00 48.00  6.82
 5.00 49.00  4.05
 5.00 50.00  6.63
 5.00 51.00  9.31
 5.00 52.00  9.13
 5.00 53.00  7.04
 5.00 54.00 11.86
 5.00 55.00 14.12
 5.00 56.00 16.83
 5.00 57.00 16.64
 5.00 58.00 13.21
 5.00 59.00 12.36
 5.00 60.00 15.39
 5.00 61.00 14.43
 5.00 62.00  6.73
 5.00 63.00 11.71
 6.00  7.00  1.35
 6.00  8.00  3.26
 6.00  9.00  6.81
 6.00 10.00  9.15
 6.00 11.00 10.68
 6.00 12.00  7.79
 6.00 13.00  8.24
 6.00 14.00  7.91
 6.00 15.00  9.16
 6.00 16.00  6.39
 6.00 17.00  3.59
 6.00 18.00  6.27
 6.00 19.00  6.97
 6.00 20.00  3.42
 6.00 21.00  4.37
 6.00 22.00  6.75
 6.00 23.00  4.10
 6.00 24.00  3.85
 6.00 25.00  7.36
 6.00 26.00 10.06
 6.00 27.00 10.10
 6.00 28.00  8.90
 6.00 29.00 12.15
 6.00 30.00 14.09
 6.00 31.00 16.96
 6.00 32.00 16.21
 6.00 33.00 14.74
 6.00 34.00 19.60
 6.00 35.00 20.86
 6.00 36.00 17.11
 6.00 37.00 16.15
 6.00 38.00 13.44
 6.00 39.00 12.02
 6.00 40.00 12.29
 6.00 41.00 10.77
 6.00 42.00  7.79
 6.00 43.00  7.93
 6.00 44.00  8.54
 6.00 45.00  5.97
 6.00 46.00  3.83
 6.00 47.00  5.85
 6.00 48.00  6.81
 6.00 49.00  3.83
 6.00 50.00  4.05
 6.00 51.00  6.39
 6.00 52.00  7.40
 6.00 53.00  3.55
 6.00 54.00  6.42
 6.00 55.00  9.44
 6.00 56.00 12.26
 6.00 57.00 14.15
 6.00 58.00 11.76
 6.00 59.00  8.92
 6.00 60.00 12.84
 6.00 61.00 14.40
 6.00 62.00  8.85
 6.00 63.00 10.68
 7.00  8.00  1.27
 7.00  9.00  4.49
 7.00 10.00  7.54
 7.00 11.00  9.46
 7.00 12.00  7.21
 7.00 13.00 10.00
 7.00 14.00 11.37
 7.00 15.00 10.66
 7.00 16.00  7.18
 7.00 17.00  7.99
 7.00 18.00  9.89
 7.00 19.00  8.75
 7.00 20.00  5.56
 7.00 21.00  7.70
 7.00 22.00 10.26
 7.00 23.00  5.32
 7.00 24.00  5.13
 7.00 25.00 10.58
 7.00 26.00 13.04
 7.00 27.00 10.78
 7.00 28.00  9.65
 7.00 29.00 15.09
 7.00 30.00 17.90
 7.00 31.00 20.41
 7.00 32.00 18.55
 7.00 33.00 16.73
 7.00 34.00 22.07
 7.00 35.00 23.01
 7.00 36.00 18.84
 7.00 37.00 18.01
 7.00 38.00 14.90
 7.00 39.00 14.43
 7.00 40.00 15.35
 7.00 41.00 13.19
 7.00 42.00 10.49
 7.00 43.00 12.06
 7.00 44.00 12.56
 7.00 45.00  9.47
 7.00 46.00  7.78
 7.00 47.00 10.59
 7.00 48.00 11.16
 7.00 49.00  7.57
 7.00 50.00  9.28
 7.00 51.00 11.99
 7.00 52.00 12.68
 7.00 53.00  7.37
 7.00 54.00 12.02
 7.00 55.00 15.04
 7.00 56.00 17.50
 7.00 57.00 18.96
 7.00 58.00 16.15
 7.00 59.00 11.12
 7.00 60.00 16.87
 7.00 61.00 17.75
 7.00 62.00 10.36
 7.00 63.00 12.92
 8.00  9.00  1.37
 8.00 10.00  3.99
 8.00 11.00  6.07
 8.00 12.00  3.91
 8.00 13.00  6.64
 8.00 14.00  7.89
 8.00 15.00  7.52
 8.00 16.00  4.07
 8.00 17.00  4.41
 8.00 18.00  6.62
 8.00 19.00  6.63
 8.00 20.00  3.58
 8.00 21.00  6.39
 8.00 22.00  9.07
 8.00 23.00  6.44
 8.00 24.00  7.25
 8.00 25.00 11.38
 8.00 26.00 13.60
 8.00 27.00 12.93
 8.00 28.00 12.13
 8.00 29.00 16.79
 8.00 30.00 19.47
 8.00 31.00 21.88
 8.00 32.00 19.09
 8.00 33.00 18.95
 8.00 34.00 24.39
 8.00 35.00 25.64
 8.00 36.00 21.43
 8.00 37.00 20.71
 8.00 38.00 17.61
 8.00 39.00 17.03
 8.00 40.00 17.90
 8.00 41.00 15.77
 8.00 42.00 13.04
 8.00 43.00 14.08
 8.00 44.00 14.15
 8.00 45.00 11.03
 8.00 46.00  9.73
 8.00 47.00 11.86
 8.00 48.00 11.15
 8.00 49.00  7.98
 8.00 50.00  8.65
 8.00 51.00 10.78
 8.00 52.00 10.31
 8.00 53.00  4.93
 8.00 54.00  9.22
 8.00 55.00 11.96
 8.00 56.00 13.94
 8.00 57.00 15.73
 8.00 58.00 13.55
 8.00 59.00  7.23
 8.00 60.00 13.52
 8.00 61.00 15.35
 8.00 62.00  9.42
 8.00 63.00  9.95
 9.00 10.00  1.39
 9.00 11.00  3.03
 9.00 12.00  2.91
 9.00 13.00  5.83
 9.00 14.00  8.36
 9.00 15.00  9.94
 9.00 16.00  6.22
 9.00 17.00  5.89
 9.00 18.00  9.90
 9.00 19.00 10.83
 9.00 20.00  7.91
 9.00 21.00 10.72
 9.00 22.00 13.43
 9.00 23.00  9.64
 9.00 24.00 10.74
 9.00 25.00 15.50
 9.00 26.00 17.78
 9.00 27.00 16.28
 9.00 28.00 15.75
 9.00 29.00 20.68
 9.00 30.00 23.39
 9.00 31.00 25.89
 9.00 32.00 23.13
 9.00 33.00 22.58
 9.00 34.00 28.04
 9.00 35.00 29.26
 9.00 36.00 25.07
 9.00 37.00 24.25
 9.00 38.00 21.19
 9.00 39.00 20.59
 9.00 40.00 21.30
 9.00 41.00 19.10
 9.00 42.00 16.46
 9.00 43.00 17.48
 9.00 44.00 17.29
 9.00 45.00 14.07
 9.00 46.00 13.09
 9.00 47.00 14.81
 9.00 48.00 13.51
 9.00 49.00 10.39
 9.00 50.00 11.44
 9.00 51.00 13.23
 9.00 52.00 11.43
 9.00 53.00  6.63
 9.00 54.00 10.67
 9.00 55.00 12.84
 9.00 56.00 13.70
 9.00 57.00 15.40
 9.00 58.00 13.44
 9.00 59.00  5.29
 9.00 60.00 12.57
 9.00 61.00 14.51
 9.00 62.00  9.35
 9.00 63.00  8.42
10.00 11.00  1.35
10.00 12.00  3.26
10.00 13.00  6.58
10.00 14.00  8.64
10.00 15.00 11.07
10.00 16.00  7.89
10.00 17.00  6.82
10.00 18.00 11.94
10.00 19.00 13.58
10.00 20.00 10.86
10.00 21.00 13.28
10.00 22.00 16.05
10.00 23.00 13.03
10.00 24.00 13.31
10.00 25.00 18.12
10.00 26.00 20.58
10.00 27.00 19.31
10.00 28.00 18.29
10.00 29.00 23.19
10.00 30.00 25.53
10.00 31.00 28.28
10.00 32.00 26.33
10.00 33.00 25.22
10.00 34.00 30.46
10.00 35.00 31.30
10.00 36.00 27.33
10.00 37.00 25.27
10.00 38.00 22.73
10.00 39.00 22.51
10.00 40.00 22.68
10.00 41.00 19.82
10.00 42.00 18.01
10.00 43.00 18.92
10.00 44.00 18.12
10.00 45.00 14.80
10.00 46.00 14.42
10.00 47.00 15.87
10.00 48.00 13.99
10.00 49.00 11.05
10.00 50.00 12.21
10.00 51.00 13.45
10.00 52.00 10.60
10.00 53.00  6.95
10.00 54.00 10.41
10.00 55.00 11.26
10.00 56.00 11.16
10.00 57.00 13.01
10.00 58.00 11.37
10.00 59.00  3.26
10.00 60.00  9.79
10.00 61.00 11.69
10.00 62.00  7.05
10.00 63.00  5.28
11.00 12.00  1.32
11.00 13.00  3.42
11.00 14.00  6.53
11.00 15.00  8.62
11.00 16.00  4.75
11.00 17.00  6.79
11.00 18.00 10.81
11.00 19.00 12.36
11.00 20.00 11.39
11.00 21.00 13.52
11.00 22.00 15.99
11.00 23.00 14.55
11.00 24.00 14.98
11.00 25.00 19.10
11.00 26.00 21.34
11.00 27.00 21.28
11.00 28.00 20.22
11.00 29.00 24.59
11.00 30.00 26.76
11.00 31.00 29.42
11.00 32.00 26.94
11.00 33.00 26.92
11.00 34.00 32.16
11.00 35.00 33.22
11.00 36.00 29.31
11.00 37.00 27.80
11.00 38.00 25.01
11.00 39.00 24.35
11.00 40.00 24.50
11.00 41.00 22.17
11.00 42.00 19.83
11.00 43.00 20.40
11.00 44.00 19.81
11.00 45.00 16.62
11.00 46.00 15.74
11.00 47.00 17.11
11.00 48.00 15.49
11.00 49.00 12.43
11.00 50.00 13.15
11.00 51.00 14.87
11.00 52.00 12.48
11.00 53.00  8.70
11.00 54.00 11.34
11.00 55.00 12.85
11.00 56.00 12.75
11.00 57.00 14.70
11.00 58.00 13.61
11.00 59.00  4.30
11.00 60.00 11.99
11.00 61.00 13.99
11.00 62.00 10.15
11.00 63.00  7.55
12.00 13.00  1.33
12.00 14.00  4.03
12.00 15.00  6.13
12.00 16.00  3.49
12.00 17.00  4.07
12.00 18.00  7.62
12.00 19.00  9.01
12.00 20.00  7.70
12.00 21.00  9.88
12.00 22.00 12.38
12.00 23.00 11.09
12.00 24.00 11.71
12.00 25.00 15.46
12.00 26.00 17.66
12.00 27.00 18.10
12.00 28.00 17.23
12.00 29.00 20.99
12.00 30.00 23.27
12.00 31.00 25.85
12.00 32.00 23.26
12.00 33.00 23.41
12.00 34.00 28.71
12.00 35.00 30.28
12.00 36.00 26.54
12.00 37.00 25.50
12.00 38.00 22.65
12.00 39.00 21.49
12.00 40.00 21.90
12.00 41.00 20.04
12.00 42.00 17.26
12.00 43.00 17.51
12.00 44.00 17.54
12.00 45.00 14.57
12.00 46.00 12.90
12.00 47.00 14.46
12.00 48.00 13.68
12.00 49.00 10.42
12.00 50.00 10.46
12.00 51.00 12.21
12.00 52.00 10.17
12.00 53.00  6.66
12.00 54.00  8.54
12.00 55.00 10.18
12.00 56.00 10.38
12.00 57.00 12.49
12.00 58.00 12.06
12.00 59.00  2.96
12.00 60.00 10.80
12.00 61.00 13.33
12.00 62.00 10.82
12.00 63.00  7.98
13.00 14.00  1.29
13.00 15.00  3.10
13.00 16.00  2.97
13.00 17.00  3.09
13.00 18.00  5.18
13.00 19.00  6.86
13.00 20.00  7.80
13.00 21.00  9.11
13.00 22.00 11.02
13.00 23.00 12.26
13.00 24.00 12.57
13.00 25.00 14.94
13.00 26.00 16.86
13.00 27.00 18.36
13.00 28.00 18.13
13.00 29.00 20.58
13.00 30.00 22.47
13.00 31.00 24.96
13.00 32.00 22.38
13.00 33.00 23.39
13.00 34.00 28.47
13.00 35.00 30.21
13.00 36.00 26.94
13.00 37.00 26.23
13.00 38.00 23.57
13.00 39.00 21.86
13.00 40.00 22.14
13.00 41.00 20.78
13.00 42.00 17.86
13.00 43.00 17.39
13.00 44.00 17.62
13.00 45.00 15.16
13.00 46.00 12.78
13.00 47.00 13.72
13.00 48.00 13.49
13.00 49.00 10.36
13.00 50.00  8.45
13.00 51.00 11.63
13.00 52.00 10.78
13.00 53.00  6.91
13.00 54.00  7.20
13.00 55.00  9.83
13.00 56.00 10.66
13.00 57.00 12.98
13.00 58.00 13.28
13.00 59.00  4.91
13.00 60.00 12.47
13.00 61.00 15.14
13.00 62.00 12.88
13.00 63.00 10.25
14.00 15.00  1.33
14.00 16.00  3.24
14.00 17.00  3.15
14.00 18.00  2.90
14.00 19.00  4.98
14.00 20.00  6.82
14.00 21.00  7.66
14.00 22.00  8.86
14.00 23.00 10.93
14.00 24.00 12.04
14.00 25.00 13.09
14.00 26.00 14.90
14.00 27.00 16.77
14.00 28.00 17.11
14.00 29.00 18.09
14.00 30.00 20.22
14.00 31.00 22.54
14.00 32.00 20.45
14.00 33.00 21.76
14.00 34.00 26.56
14.00 35.00 28.36
14.00 36.00 25.47
14.00 37.00 25.02
14.00 38.00 22.57
14.00 39.00 20.46
14.00 40.00 20.65
14.00 41.00 19.72
14.00 42.00 16.77
14.00 43.00 15.77
14.00 44.00 16.24
14.00 45.00 14.29
14.00 46.00 11.43
14.00 47.00 11.97
14.00 48.00 12.24
14.00 49.00  9.65
14.00 50.00  5.74
14.00 51.00  8.68
14.00 52.00  8.90
14.00 53.00  5.53
14.00 54.00  4.15
14.00 55.00  6.24
14.00 56.00  6.55
14.00 57.00  9.22
14.00 58.00 10.83
14.00 59.00  4.67
14.00 60.00 11.08
14.00 61.00 13.71
14.00 62.00 12.96
14.00 63.00 10.68
15.00 16.00  1.30
15.00 17.00  3.26
15.00 18.00  3.34
15.00 19.00  3.01
15.00 20.00  5.10
15.00 21.00  6.95
15.00 22.00  7.49
15.00 23.00  9.16
15.00 24.00 11.06
15.00 25.00 12.33
15.00 26.00 12.95
15.00 27.00 15.34
15.00 28.00 16.39
15.00 29.00 17.54
15.00 30.00 19.94
15.00 31.00 21.80
15.00 32.00 18.48
15.00 33.00 20.75
15.00 34.00 25.78
15.00 35.00 27.92
15.00 36.00 25.24
15.00 37.00 25.18
15.00 38.00 22.53
15.00 39.00 20.35
15.00 40.00 21.07
15.00 41.00 20.35
15.00 42.00 17.14
15.00 43.00 15.82
15.00 44.00 17.49
15.00 45.00 15.56
15.00 46.00 12.26
15.00 47.00 13.71
15.00 48.00 14.51
15.00 49.00 11.68
15.00 50.00  7.38
15.00 51.00 12.09
15.00 52.00 11.89
15.00 53.00  8.11
15.00 54.00  7.04
15.00 55.00 10.17
15.00 56.00 11.34
15.00 57.00 13.98
15.00 58.00 14.74
15.00 59.00  7.35
15.00 60.00 14.37
15.00 61.00 17.05
15.00 62.00 15.14
15.00 63.00 13.35
16.00 17.00  1.27
16.00 18.00  3.24
16.00 19.00  3.37
16.00 20.00  3.02
16.00 21.00  5.01
16.00 22.00  6.99
16.00 23.00  7.67
16.00 24.00  8.55
16.00 25.00 10.71
16.00 26.00 12.49
16.00 27.00 13.73
16.00 28.00 13.87
16.00 29.00 16.41
16.00 30.00 18.83
16.00 31.00 21.03
16.00 32.00 17.74
16.00 33.00 18.97
16.00 34.00 24.28
16.00 35.00 26.26
16.00 36.00 23.11
16.00 37.00 22.83
16.00 38.00 19.98
16.00 39.00 18.17
16.00 40.00 19.04
16.00 41.00 17.95
16.00 42.00 14.72
16.00 43.00 14.56
16.00 44.00 15.60
16.00 45.00 13.26
16.00 46.00 10.10
16.00 47.00 12.49
16.00 48.00 13.10
16.00 49.00 10.24
16.00 50.00  7.47
16.00 51.00 11.35
16.00 52.00 11.88
16.00 53.00  8.47
16.00 54.00  7.64
16.00 55.00 11.67
16.00 56.00 13.38
16.00 57.00 15.93
16.00 58.00 15.52
16.00 59.00  7.90
16.00 60.00 15.51
16.00 61.00 17.93
16.00 62.00 13.95
16.00 63.00 12.77
17.00 18.00  1.28
17.00 19.00  3.26
17.00 20.00  3.29
17.00 21.00  2.96
17.00 22.00  5.04
17.00 23.00  6.97
17.00 24.00  7.23
17.00 25.00  8.65
17.00 26.00 10.69
17.00 27.00 12.31
17.00 28.00 12.23
17.00 29.00 14.25
17.00 30.00 16.17
17.00 31.00 18.65
17.00 32.00 16.70
17.00 33.00 17.16
17.00 34.00 22.13
17.00 35.00 23.90
17.00 36.00 20.83
17.00 37.00 20.43
17.00 38.00 17.85
17.00 39.00 15.80
17.00 40.00 16.30
17.00 41.00 15.37
17.00 42.00 12.23
17.00 43.00 11.60
17.00 44.00 12.28
17.00 45.00 10.00
17.00 46.00  7.41
17.00 47.00  8.41
17.00 48.00  8.45
17.00 49.00  5.50
17.00 50.00  3.94
17.00 51.00  6.63
17.00 52.00  7.13
17.00 53.00  3.87
17.00 54.00  3.73
17.00 55.00  7.34
17.00 56.00  9.01
17.00 57.00 11.14
17.00 58.00 10.15
17.00 59.00  3.84
17.00 60.00 10.01
17.00 61.00 12.41
17.00 62.00  9.23
17.00 63.00  8.46
18.00 19.00  1.30
18.00 20.00  3.22
18.00 21.00  3.28
18.00 22.00  2.95
18.00 23.00  5.04
18.00 24.00  6.94
18.00 25.00  7.47
18.00 26.00  8.87
18.00 27.00 10.85
18.00 28.00 12.22
18.00 29.00 12.49
18.00 30.00 14.88
18.00 31.00 16.91
18.00 32.00 14.29
18.00 33.00 16.03
18.00 34.00 20.85
18.00 35.00 22.96
18.00 36.00 20.52
18.00 37.00 20.72
18.00 38.00 18.26
18.00 39.00 15.75
18.00 40.00 16.54
18.00 41.00 16.30
18.00 42.00 13.06
18.00 43.00 10.83
18.00 44.00 13.65
18.00 45.00 12.33
18.00 46.00  8.17
18.00 47.00 10.18
18.00 48.00 11.34
18.00 49.00  8.77
18.00 50.00  3.65
18.00 51.00  8.93
18.00 52.00 10.36
18.00 53.00  7.77
18.00 54.00  4.54
18.00 55.00  7.72
18.00 56.00  9.25
18.00 57.00 11.97
18.00 58.00 12.58
18.00 59.00  8.91
18.00 60.00 14.50
18.00 61.00 16.81
18.00 62.00 13.92
18.00 63.00 14.05
19.00 20.00  1.28
19.00 21.00  3.23
19.00 22.00  3.33
19.00 23.00  3.15
19.00 24.00  5.16
19.00 25.00  6.91
19.00 26.00  7.64
19.00 27.00  9.29
19.00 28.00 10.91
19.00 29.00 12.38
19.00 30.00 15.07
19.00 31.00 16.79
19.00 32.00 12.74
19.00 33.00 14.86
19.00 34.00 20.12
19.00 35.00 22.46
19.00 36.00 19.65
19.00 37.00 20.32
19.00 38.00 17.55
19.00 39.00 15.30
19.00 40.00 16.72
19.00 41.00 16.38
19.00 42.00 12.99
19.00 43.00 11.33
19.00 44.00 14.65
19.00 45.00 13.09
19.00 46.00  8.48
19.00 47.00 11.48
19.00 48.00 13.27
19.00 49.00 10.92
19.00 50.00  6.14
19.00 51.00 11.07
19.00 52.00 12.91
19.00 53.00 10.31
19.00 54.00  7.72
19.00 55.00 12.37
19.00 56.00 14.81
19.00 57.00 17.48
19.00 58.00 16.83
19.00 59.00 11.36
19.00 60.00 17.63
19.00 61.00 19.98
19.00 62.00 16.19
19.00 63.00 16.53
20.00 21.00  1.27
20.00 22.00  3.28
20.00 23.00  3.32
20.00 24.00  3.04
20.00 25.00  4.82
20.00 26.00  6.83
20.00 27.00  7.77
20.00 28.00  7.95
20.00 29.00 10.41
20.00 30.00 13.25
20.00 31.00 15.34
20.00 32.00 12.61
20.00 33.00 12.82
20.00 34.00 18.20
20.00 35.00 20.22
20.00 36.00 17.05
20.00 37.00 17.26
20.00 38.00 14.40
20.00 39.00 12.39
20.00 40.00 13.77
20.00 41.00 13.16
20.00 42.00  9.75
20.00 43.00  9.34
20.00 44.00 11.72
20.00 45.00 10.11
20.00 46.00  5.48
20.00 47.00  8.82
20.00 48.00 10.99
20.00 49.00  8.95
20.00 50.00  6.70
20.00 51.00 10.31
20.00 52.00 12.34
20.00 53.00  8.25
20.00 54.00  8.90
20.00 55.00 13.39
20.00 56.00 16.04
20.00 57.00 18.33
20.00 58.00 16.68
20.00 59.00 11.51
20.00 60.00 17.29
20.00 61.00 19.30
20.00 62.00 13.68
20.00 63.00 14.78
21.00 22.00  1.30
21.00 23.00  3.19
21.00 24.00  3.19
21.00 25.00  2.67
21.00 26.00  4.66
21.00 27.00  6.53
21.00 28.00  7.43
21.00 29.00  7.33
21.00 30.00  8.78
21.00 31.00 11.67
21.00 32.00 11.04
21.00 33.00 11.23
21.00 34.00 15.93
21.00 35.00 17.28
21.00 36.00 15.19
21.00 37.00 15.05
21.00 38.00 13.23
21.00 39.00 10.51
21.00 40.00 10.35
21.00 41.00 10.44
21.00 42.00  7.76
21.00 43.00  4.43
21.00 44.00  7.25
21.00 45.00  7.15
21.00 46.00  3.49
21.00 47.00  3.78
21.00 48.00  5.96
21.00 49.00  6.46
21.00 50.00  3.46
21.00 51.00  6.31
21.00 52.00  8.91
21.00 53.00  8.69
21.00 54.00  6.65
21.00 55.00 11.00
21.00 56.00 14.16
21.00 57.00 16.55
21.00 58.00 12.83
21.00 59.00 12.28
21.00 60.00 16.62
21.00 61.00 18.47
21.00 62.00 14.05
21.00 63.00 15.65
22.00 23.00  1.28
22.00 24.00  3.29
22.00 25.00  3.44
22.00 26.00  3.08
22.00 27.00  5.03
22.00 28.00  6.99
22.00 29.00  7.61
22.00 30.00 10.40
22.00 31.00 11.75
22.00 32.00  8.32
22.00 33.00 10.41
22.00 34.00 15.31
22.00 35.00 17.82
22.00 36.00 15.88
22.00 37.00 17.00
22.00 38.00 14.61
22.00 39.00 11.84
22.00 40.00 13.55
22.00 41.00 14.15
22.00 42.00 10.89
22.00 43.00  7.40
22.00 44.00 12.01
22.00 45.00 11.10
22.00 46.00  6.30
22.00 47.00  8.89
22.00 48.00 10.95
22.00 49.00 10.13
22.00 50.00  6.33
22.00 51.00 10.22
22.00 52.00 12.66
22.00 53.00 11.38
22.00 54.00  9.16
22.00 55.00 13.73
22.00 56.00 16.78
22.00 57.00 19.29
22.00 58.00 17.12
22.00 59.00 14.52
22.00 60.00 19.48
22.00 61.00 21.44
22.00 62.00 16.87
22.00 63.00 18.34
23.00 24.00  1.27
23.00 25.00  3.34
23.00 26.00  3.44
23.00 27.00  3.18
23.00 28.00  5.27
23.00 29.00  7.08
23.00 30.00 10.54
23.00 31.00 11.86
23.00 32.00  7.81
23.00 33.00  8.81
23.00 34.00 14.32
23.00 35.00 16.83
23.00 36.00 13.72
23.00 37.00 15.60
23.00 38.00 12.87
23.00 39.00 10.60
23.00 40.00 12.57
23.00 41.00 13.12
23.00 42.00 10.02
23.00 43.00  8.17
23.00 44.00 11.79
23.00 45.00 11.63
23.00 46.00  6.78
23.00 47.00 10.23
23.00 48.00 12.83
23.00 49.00 11.28
23.00 50.00  9.00
23.00 51.00 12.71
23.00 52.00 15.11
23.00 53.00 11.68
23.00 54.00 11.78
23.00 55.00 16.38
23.00 56.00 19.39
23.00 57.00 21.88
23.00 58.00 19.71
23.00 59.00 15.36
23.00 60.00 21.24
23.00 61.00 22.75
23.00 62.00 15.89
23.00 63.00 17.99
24.00 25.00  1.35
24.00 26.00  3.18
24.00 27.00  3.07
24.00 28.00  2.82
24.00 29.00  4.57
24.00 30.00  8.00
24.00 31.00  9.91
24.00 32.00  8.15
24.00 33.00  6.79
24.00 34.00 12.14
24.00 35.00 14.17
24.00 36.00 11.30
24.00 37.00 12.18
24.00 38.00  9.58
24.00 39.00  7.10
24.00 40.00  9.15
24.00 41.00  9.59
24.00 42.00  6.77
24.00 43.00  5.00
24.00 44.00  8.33
24.00 45.00  7.72
24.00 46.00  3.44
24.00 47.00  7.42
24.00 48.00  9.77
24.00 49.00  7.54
24.00 50.00  8.23
24.00 51.00 10.90
24.00 52.00 12.67
24.00 53.00  9.50
24.00 54.00 11.65
24.00 55.00 15.38
24.00 56.00 18.41
24.00 57.00 20.32
24.00 58.00 17.61
24.00 59.00 14.75
24.00 60.00 19.09
24.00 61.00 20.12
24.00 62.00 13.29
24.00 63.00 16.30
25.00 26.00  1.27
25.00 27.00  3.20
25.00 28.00  3.43
25.00 29.00  2.79
25.00 30.00  5.53
25.00 31.00  7.08
25.00 32.00  6.09
25.00 33.00  6.08
25.00 34.00 10.49
25.00 35.00 12.80
25.00 36.00 11.17
25.00 37.00 12.60
25.00 38.00 10.75
25.00 39.00  7.58
25.00 40.00  9.23
25.00 41.00 10.52
25.00 42.00  7.57
25.00 43.00  3.76
25.00 44.00  8.28
25.00 45.00  9.22
25.00 46.00  4.69
25.00 47.00  7.18
25.00 48.00  9.65
25.00 49.00 10.48
25.00 50.00  8.14
25.00 51.00 10.76
25.00 52.00 13.42
25.00 53.00 13.09
25.00 54.00 11.79
25.00 55.00 15.70
25.00 56.00 19.01
25.00 57.00 21.26
25.00 58.00 17.12
25.00 59.00 17.80
25.00 60.00 21.60
25.00 61.00 23.11
25.00 62.00 17.50
25.00 63.00 20.21
26.00 27.00  1.27
26.00 28.00  3.26
26.00 29.00  3.83
26.00 30.00  6.71
26.00 31.00  7.25
26.00 32.00  3.33
26.00 33.00  4.87
26.00 34.00  9.70
26.00 35.00 12.59
26.00 36.00 10.81
26.00 37.00 13.60
26.00 38.00 11.67
26.00 39.00  8.43
26.00 40.00 10.36
26.00 41.00 12.22
26.00 42.00  9.53
26.00 43.00  5.45
26.00 44.00 10.32
26.00 45.00 11.61
26.00 46.00  7.16
26.00 47.00  9.70
26.00 48.00 12.35
26.00 49.00 13.17
26.00 50.00 10.93
26.00 51.00 13.70
26.00 52.00 16.31
26.00 53.00 15.73
26.00 54.00 14.39
26.00 55.00 18.53
26.00 56.00 21.81
26.00 57.00 24.11
26.00 58.00 20.21
26.00 59.00 20.08
26.00 60.00 24.24
26.00 61.00 25.74
26.00 62.00 20.24
26.00 63.00 22.86
27.00 28.00  1.33
27.00 29.00  3.51
27.00 30.00  6.86
27.00 31.00  8.03
27.00 32.00  5.24
27.00 33.00  2.81
27.00 34.00  8.56
27.00 35.00 11.03
27.00 36.00  7.69
27.00 37.00 10.91
27.00 38.00  8.74
27.00 39.00  5.63
27.00 40.00  8.10
27.00 41.00 10.25
27.00 42.00  6.29
27.00 43.00  6.53
27.00 44.00  9.94
27.00 45.00 11.60
27.00 46.00  6.58
27.00 47.00 10.97
27.00 48.00 13.72
27.00 49.00 13.93
27.00 50.00 12.80
27.00 51.00 15.58
27.00 52.00 18.06
27.00 53.00 16.61
27.00 54.00 16.47
27.00 55.00 20.60
27.00 56.00 23.88
27.00 57.00 26.11
27.00 58.00 22.20
27.00 59.00 21.64
27.00 60.00 25.86
27.00 61.00 26.95
27.00 62.00 19.77
27.00 63.00 23.39
28.00 29.00  1.30
28.00 30.00  3.51
28.00 31.00  5.87
28.00 32.00  6.00
28.00 33.00  3.34
28.00 34.00  7.28
28.00 35.00  8.85
28.00 36.00  6.54
28.00 37.00  8.16
28.00 38.00  5.40
28.00 39.00  3.59
28.00 40.00  4.76
28.00 41.00  6.82
28.00 42.00  3.10
28.00 43.00  3.78
28.00 44.00  6.62
28.00 45.00  8.25
28.00 46.00  3.34
28.00 47.00  8.43
28.00 48.00 11.01
28.00 49.00 11.06
28.00 50.00 11.64
28.00 51.00 14.02
28.00 52.00 16.06
28.00 53.00 14.47
28.00 54.00 16.03
28.00 55.00 19.54
28.00 56.00 22.80
28.00 57.00 24.40
28.00 58.00 20.27
28.00 59.00 20.19
28.00 60.00 23.67
28.00 61.00 24.11
28.00 62.00 16.85
28.00 63.00 21.01
29.00 30.00  1.36
29.00 31.00  2.69
29.00 32.00  3.14
29.00 33.00  2.98
29.00 34.00  5.24
29.00 35.00  7.72
29.00 36.00  7.33
29.00 37.00  9.50
29.00 38.00  8.80
29.00 39.00  5.50
29.00 40.00  6.73
29.00 41.00  8.95
29.00 42.00  7.55
29.00 43.00  4.02
29.00 44.00  8.16
29.00 45.00 10.40
29.00 46.00  7.23
29.00 47.00  9.24
29.00 48.00 12.34
29.00 49.00 13.97
29.00 50.00 12.13
29.00 51.00 12.82
29.00 52.00 17.15
29.00 53.00 17.80
29.00 54.00 16.30
29.00 55.00 19.65
29.00 56.00 22.96
29.00 57.00 25.06
29.00 58.00 19.52
29.00 59.00 23.02
29.00 60.00 25.90
29.00 61.00 26.88
29.00 62.00 21.07
29.00 63.00 24.72
30.00 31.00  1.37
30.00 32.00  3.15
30.00 33.00  3.29
30.00 34.00  3.21
30.00 35.00  5.37
30.00 36.00  6.76
30.00 37.00  8.91
30.00 38.00  9.27
30.00 39.00  6.34
30.00 40.00  6.20
30.00 41.00  8.69
30.00 42.00  8.74
30.00 43.00  4.46
30.00 44.00  7.85
30.00 45.00 10.57
30.00 46.00  9.71
30.00 47.00  9.00
30.00 48.00 12.13
30.00 49.00 14.39
30.00 50.00 13.57
30.00 51.00 13.06
30.00 52.00 17.58
30.00 53.00 19.15
30.00 54.00 17.80
30.00 55.00 20.85
30.00 56.00 24.20
30.00 57.00 25.93
30.00 58.00 19.76
30.00 59.00 23.99
30.00 60.00 26.53
30.00 61.00 27.11
30.00 62.00 22.24
30.00 63.00 25.88
31.00 32.00  1.31
31.00 33.00  3.45
31.00 34.00  3.82
31.00 35.00  7.67
31.00 36.00  8.87
31.00 37.00 10.96
31.00 38.00 11.41
31.00 39.00  8.22
31.00 40.00  8.79
31.00 41.00 11.11
31.00 42.00 11.60
31.00 43.00  7.51
31.00 44.00 11.13
31.00 45.00 13.84
31.00 46.00 12.33
31.00 47.00 12.32
31.00 48.00 15.58
31.00 49.00 17.77
31.00 50.00 16.52
31.00 51.00 16.28
31.00 52.00 20.92
31.00 53.00 22.34
31.00 54.00 20.78
31.00 55.00 23.95
31.00 56.00 27.23
31.00 57.00 29.22
31.00 58.00 23.04
31.00 59.00 27.21
31.00 60.00 29.83
31.00 61.00 30.54
31.00 62.00 25.51
31.00 63.00 29.12
32.00 33.00  1.34
32.00 34.00  3.72
32.00 35.00  7.10
32.00 36.00  6.90
32.00 37.00 10.01
32.00 38.00 10.49
32.00 39.00  6.88
32.00 40.00  9.02
32.00 41.00 11.76
32.00 42.00 11.80
32.00 43.00  8.84
32.00 44.00 12.58
32.00 45.00 15.15
32.00 46.00 11.98
32.00 47.00 14.43
32.00 48.00 17.19
32.00 49.00 19.01
32.00 50.00 17.07
32.00 51.00 18.41
32.00 52.00 22.24
32.00 53.00 21.97
32.00 54.00 20.61
32.00 55.00 24.64
32.00 56.00 27.94
32.00 57.00 30.22
32.00 58.00 25.12
32.00 59.00 26.27
32.00 60.00 30.49
32.00 61.00 31.77
32.00 62.00 25.97
32.00 63.00 29.09
33.00 34.00  1.32
33.00 35.00  3.23
33.00 36.00  3.19
33.00 37.00  5.67
33.00 38.00  7.07
33.00 39.00  3.53
33.00 40.00  5.77
33.00 41.00  8.40
33.00 42.00  8.28
33.00 43.00  7.29
33.00 44.00 10.23
33.00 45.00 12.38
33.00 46.00  9.18
33.00 47.00 12.70
33.00 48.00 15.21
33.00 49.00 16.70
33.00 50.00 16.15
33.00 51.00 17.82
33.00 52.00 20.72
33.00 53.00 20.43
33.00 54.00 20.55
33.00 55.00 24.10
33.00 56.00 27.48
33.00 57.00 29.26
33.00 58.00 24.12
33.00 59.00 26.00
33.00 60.00 29.10
33.00 61.00 29.58
33.00 62.00 23.15
33.00 63.00 27.25
34.00 35.00  1.29
34.00 36.00  3.18
34.00 37.00  6.41
34.00 38.00  8.63
34.00 39.00  6.63
34.00 40.00  7.72
34.00 41.00 10.48
34.00 42.00 11.91
34.00 43.00 10.28
34.00 44.00 12.57
34.00 45.00 15.31
34.00 46.00 14.01
34.00 47.00 15.93
34.00 48.00 18.35
34.00 49.00 20.36
34.00 50.00 20.21
34.00 51.00 20.07
34.00 52.00 24.23
34.00 53.00 25.05
34.00 54.00 24.74
34.00 55.00 27.83
34.00 56.00 31.21
34.00 57.00 32.70
34.00 58.00 26.60
34.00 59.00 30.50
34.00 60.00 33.02
34.00 61.00 33.17
34.00 62.00 27.25
34.00 63.00 31.66
35.00 36.00  1.31
35.00 37.00  3.45
35.00 38.00  6.02
35.00 39.00  6.90
35.00 40.00  6.30
35.00 41.00  8.94
35.00 42.00 10.94
35.00 43.00 10.94
35.00 44.00 11.60
35.00 45.00 14.91
35.00 46.00 15.13
35.00 47.00 16.35
35.00 48.00 18.65
35.00 49.00 20.72
35.00 50.00 21.32
35.00 51.00 20.41
35.00 52.00 24.74
35.00 53.00 25.90
35.00 54.00 25.91
35.00 55.00 28.71
35.00 56.00 32.05
35.00 57.00 33.08
35.00 58.00 26.68
35.00 59.00 31.06
35.00 60.00 33.52
35.00 61.00 32.95
35.00 62.00 26.81
35.00 63.00 31.92
36.00 37.00  1.27
36.00 38.00  2.92
36.00 39.00  3.17
36.00 40.00  3.14
36.00 41.00  5.15
36.00 42.00  6.95
36.00 43.00  7.75
36.00 44.00  8.93
36.00 45.00 11.07
36.00 46.00 11.36
36.00 47.00 13.45
36.00 48.00 15.14
36.00 49.00 16.90
36.00 50.00 18.17
36.00 51.00 18.00
36.00 52.00 21.30
36.00 53.00 21.98
36.00 54.00 23.04
36.00 55.00 25.61
36.00 56.00 28.92
36.00 57.00 29.64
36.00 58.00 23.82
36.00 59.00 27.41
36.00 60.00 29.72
36.00 61.00 29.14
36.00 62.00 22.84
36.00 63.00 27.95
37.00 38.00  1.26
37.00 39.00  3.35
37.00 40.00  3.42
37.00 41.00  2.95
37.00 42.00  5.01
37.00 43.00  6.88
37.00 44.00  7.33
37.00 45.00  8.84
37.00 46.00 10.82
37.00 47.00 12.35
37.00 48.00 13.24
37.00 49.00 15.13
37.00 50.00 16.85
37.00 51.00 17.02
37.00 52.00 19.33
37.00 53.00 20.38
37.00 54.00 22.11
37.00 55.00 24.34
37.00 56.00 27.52
37.00 57.00 27.73
37.00 58.00 22.16
37.00 59.00 25.49
37.00 60.00 27.71
37.00 61.00 26.68
37.00 62.00 20.32
37.00 63.00 25.80
38.00 39.00  1.31
38.00 40.00  3.11
38.00 41.00  3.17
38.00 42.00  2.90
38.00 43.00  4.90
38.00 44.00  6.81
38.00 45.00  7.35
38.00 46.00  7.99
38.00 47.00 10.68
38.00 48.00 12.33
38.00 49.00 13.45
38.00 50.00 14.93
38.00 51.00 16.43
38.00 52.00 18.09
38.00 53.00 18.02
38.00 54.00 20.30
38.00 55.00 22.73
38.00 56.00 25.94
38.00 57.00 26.43
38.00 58.00 21.53
38.00 59.00 23.78
38.00 60.00 26.05
38.00 61.00 25.30
38.00 62.00 18.35
38.00 63.00 23.70
39.00 40.00  1.23
39.00 41.00  3.29
39.00 42.00  3.31
39.00 43.00  2.84
39.00 44.00  4.90
39.00 45.00  6.84
39.00 46.00  6.35
39.00 47.00  8.65
39.00 48.00 10.66
39.00 49.00 12.21
39.00 50.00 13.24
39.00 51.00 14.13
39.00 52.00 16.68
39.00 53.00 16.99
39.00 54.00 18.16
39.00 55.00 20.86
39.00 56.00 24.17
39.00 57.00 25.13
39.00 58.00 19.85
39.00 59.00 22.69
39.00 60.00 25.03
39.00 61.00 24.81
39.00 62.00 18.46
39.00 63.00 23.21
40.00 41.00  1.30
40.00 42.00  3.12
40.00 43.00  3.23
40.00 44.00  2.98
40.00 45.00  5.06
40.00 46.00  6.86
40.00 47.00  7.67
40.00 48.00  8.94
40.00 49.00 10.86
40.00 50.00 12.38
40.00 51.00 12.11
40.00 52.00 15.13
40.00 53.00 16.52
40.00 54.00 17.28
40.00 55.00 19.62
40.00 56.00 22.85
40.00 57.00 23.37
40.00 58.00 17.58
40.00 59.00 21.23
40.00 60.00 23.60
40.00 61.00 23.04
40.00 62.00 17.41
40.00 63.00 22.26
41.00 42.00  1.28
41.00 43.00  3.24
41.00 44.00  3.30
41.00 45.00  3.08
41.00 46.00  5.11
41.00 47.00  6.91
41.00 48.00  7.68
41.00 49.00  9.06
41.00 50.00 10.97
41.00 51.00 12.04
41.00 52.00 13.35
41.00 53.00 14.41
41.00 54.00 16.50
41.00 55.00 18.49
41.00 56.00 21.60
41.00 57.00 21.76
41.00 58.00 16.77
41.00 59.00 19.36
41.00 60.00 21.60
41.00 61.00 20.72
41.00 62.00 14.50
41.00 63.00 19.75
42.00 43.00  1.23
42.00 44.00  3.12
42.00 45.00  3.15
42.00 46.00  2.87
42.00 47.00  4.82
42.00 48.00  6.74
42.00 49.00  7.64
42.00 50.00  8.86
42.00 51.00 10.75
42.00 52.00 12.38
42.00 53.00 12.25
42.00 54.00 14.24
42.00 55.00 16.69
42.00 56.00 19.92
42.00 57.00 20.72
42.00 58.00 16.25
42.00 59.00 17.96
42.00 60.00 20.34
42.00 61.00 20.14
42.00 62.00 13.68
42.00 63.00 18.34
43.00 44.00  1.23
43.00 45.00  3.22
43.00 46.00  3.27
43.00 47.00  2.88
43.00 48.00  4.89
43.00 49.00  6.82
43.00 50.00  7.72
43.00 51.00  8.50
43.00 52.00 10.85
43.00 53.00 12.23
43.00 54.00 12.49
43.00 55.00 15.00
43.00 56.00 18.31
43.00 57.00 19.35
43.00 58.00 14.07
43.00 59.00 17.10
43.00 60.00 19.51
43.00 61.00 19.65
43.00 62.00 14.46
43.00 63.00 18.43
44.00 45.00  1.28
44.00 46.00  3.22
44.00 47.00  3.29
44.00 48.00  2.98
44.00 49.00  4.99
44.00 50.00  6.90
44.00 51.00  7.03
44.00 52.00  8.98
44.00 53.00 10.86
44.00 54.00 11.86
44.00 55.00 13.77
44.00 56.00 16.89
44.00 57.00 17.20
44.00 58.00 11.84
44.00 59.00 15.08
44.00 60.00 17.48
44.00 61.00 17.06
44.00 62.00 12.37
44.00 63.00 16.62
45.00 46.00  1.31
45.00 47.00  3.20
45.00 48.00  3.30
45.00 49.00  2.92
45.00 50.00  4.97
45.00 51.00  6.89
45.00 52.00  7.78
45.00 53.00  8.33
45.00 54.00 10.73
45.00 55.00 12.50
45.00 56.00 15.54
45.00 57.00 15.92
45.00 58.00 12.06
45.00 59.00 13.23
45.00 60.00 15.52
45.00 61.00 15.24
45.00 62.00  9.51
45.00 63.00 13.86
46.00 47.00  1.27
46.00 48.00  3.24
46.00 49.00  3.30
46.00 50.00  3.00
46.00 51.00  5.01
46.00 52.00  6.95
46.00 53.00  7.44
46.00 54.00  8.29
46.00 55.00 10.76
46.00 56.00 14.04
46.00 57.00 15.39
46.00 58.00 11.64
46.00 59.00 12.58
46.00 60.00 15.13
46.00 61.00 15.86
46.00 62.00 10.94
46.00 63.00 13.94
47.00 48.00  1.25
47.00 49.00  3.26
47.00 50.00  3.30
47.00 51.00  2.99
47.00 52.00  5.06
47.00 53.00  6.91
47.00 54.00  6.90
47.00 55.00  9.10
47.00 56.00 12.37
47.00 57.00 13.53
47.00 58.00  8.63
47.00 59.00 11.47
47.00 60.00 14.04
47.00 61.00 14.79
47.00 62.00 11.47
47.00 63.00 14.10
48.00 49.00  1.27
48.00 50.00  3.16
48.00 51.00  3.20
48.00 52.00  3.07
48.00 53.00  4.96
48.00 54.00  6.90
48.00 55.00  8.06
48.00 56.00 10.96
48.00 57.00 11.22
48.00 58.00  7.16
48.00 59.00  8.97
48.00 60.00 11.42
48.00 61.00 11.63
48.00 62.00  8.21
48.00 63.00 11.33
49.00 50.00  1.22
49.00 51.00  3.27
49.00 52.00  3.33
49.00 53.00  2.94
49.00 54.00  4.81
49.00 55.00  6.82
49.00 56.00  9.73
49.00 57.00 10.79
49.00 58.00  7.92
49.00 59.00  7.63
49.00 60.00 10.16
49.00 61.00 11.27
49.00 62.00  7.15
49.00 63.00  9.35
50.00 51.00  1.30
50.00 52.00  3.20
50.00 53.00  3.28
50.00 54.00  2.63
50.00 55.00  4.71
50.00 56.00  8.05
50.00 57.00 10.05
50.00 58.00  7.51
50.00 59.00  7.68
50.00 60.00 10.43
50.00 61.00 12.09
50.00 62.00  9.07
50.00 63.00 11.03
51.00 52.00  1.30
51.00 53.00  3.39
51.00 54.00  3.52
51.00 55.00  3.41
51.00 56.00  6.34
51.00 57.00  7.72
51.00 58.00  4.20
51.00 59.00  6.17
51.00 60.00  8.86
51.00 61.00 10.11
51.00 62.00  8.56
51.00 63.00 10.97
52.00 53.00  1.34
52.00 54.00  3.30
52.00 55.00  3.18
52.00 56.00  5.23
52.00 57.00  5.82
52.00 58.00  3.58
52.00 59.00  3.24
52.00 60.00  5.76
52.00 61.00  6.65
52.00 62.00  3.76
52.00 63.00  6.64
53.00 54.00  1.32
53.00 55.00  3.39
53.00 56.00  5.37
53.00 57.00  7.45
53.00 58.00  5.64
53.00 59.00  3.25
53.00 60.00  7.06
53.00 61.00  8.75
53.00 62.00  4.07
53.00 63.00  5.02
54.00 55.00  1.30
54.00 56.00  3.65
54.00 57.00  6.41
54.00 58.00  6.49
54.00 59.00  5.23
54.00 60.00  8.13
54.00 61.00 10.21
54.00 62.00  8.65
54.00 63.00  9.30
55.00 56.00  1.33
55.00 57.00  2.87
55.00 58.00  2.94
55.00 59.00  2.68
55.00 60.00  4.58
55.00 61.00  6.52
55.00 62.00  7.28
55.00 63.00  8.03
56.00 57.00  1.30
56.00 58.00  3.38
56.00 59.00  3.53
56.00 60.00  3.01
56.00 61.00  5.07
56.00 62.00  6.95
56.00 63.00  7.13
57.00 58.00  1.22
57.00 59.00  3.20
57.00 60.00  3.30
57.00 61.00  3.07
57.00 62.00  5.03
57.00 63.00  6.94
58.00 59.00  1.28
58.00 60.00  3.22
58.00 61.00  3.25
58.00 62.00  2.84
58.00 63.00  4.86
59.00 60.00  1.34
59.00 61.00  3.21
59.00 62.00  3.27
59.00 63.00  2.79
60.00 61.00  1.30
60.00 62.00  3.23
60.00 63.00  3.42
61.00 62.00  1.20
61.00 63.00  3.32
62.00 63.00  1.32
