 1.00  2.00  1.33
 1.00  3.00  3.14
 1.00  4.00  2.71
 1.00  5.00  3.17
 1.00  6.00  5.24
 1.00  7.00  6.66
 1.00  8.00  6.28
 1.00  9.00  7.98
 1.00 10.00  3.94
 1.00 11.00  9.47
 1.00 12.00 11.19
 1.00 13.00 13.85
 1.00 14.00 14.98
 1.00 15.00 16.60
 1.00 16.00 11.78
 1.00 17.00 10.07
 1.00 18.00 14.25
 1.00 19.00 15.15
 1.00 20.00 11.70
 1.00 21.00 12.58
 1.00 22.00 14.96
 1.00 23.00 15.19
 1.00 24.00  9.53
 1.00 25.00 14.18
 1.00 26.00 16.80
 1.00 27.00 14.57
 1.00 28.00 11.72
 1.00 29.00 17.01
 1.00 30.00 18.51
 1.00 31.00 21.89
 1.00 32.00 21.54
 1.00 33.00 19.77
 1.00 34.00 23.77
 1.00 35.00 23.80
 1.00 36.00 19.79
 1.00 37.00 17.84
 1.00 38.00 15.34
 1.00 39.00 15.11
 1.00 40.00 15.34
 1.00 41.00 12.58
 1.00 42.00 10.08
 1.00 43.00 11.99
 1.00 44.00 11.63
 1.00 45.00  8.05
 1.00 46.00  8.84
 1.00 47.00 10.73
 1.00 48.00  9.21
 1.00 49.00  6.25
 1.00 50.00  9.33
 1.00 51.00 11.55
 1.00 52.00  8.36
 1.00 53.00  7.40
 1.00 54.00 12.67
 1.00 55.00 13.63
 1.00 56.00 14.09
 1.00 57.00 13.77
 1.00 58.00 10.71
 1.00 59.00  9.33
 1.00 60.00 10.82
 1.00 61.00  8.69
 1.00 62.00  3.30
 1.00 63.00  7.02
 2.00  3.00  1.33
 2.00  4.00  3.07
 2.00  5.00  3.02
 2.00  6.00  3.44
 2.00  7.00  4.97
 2.00  8.00  5.76
 2.00  9.00  8.89
 2.00 10.00  7.15
 2.00 11.00 10.30
 2.00 12.00 11.12
 2.00 13.00 12.26
 2.00 14.00 12.64
 2.00 15.00 14.08
 2.00 16.00 10.00
 2.00 17.00  7.75
 2.00 18.00 11.22
 2.00 19.00 12.32
 2.00 20.00  8.94
 2.00 21.00  9.79
 2.00 22.00 12.26
 2.00 23.00 13.03
 2.00 24.00  7.43
 2.00 25.00 12.12
 2.00 26.00 14.81
 2.00 27.00 13.55
 2.00 28.00 11.11
 2.00 29.00 15.74
 2.00 30.00 17.26
 2.00 31.00 20.73
 2.00 32.00 19.94
 2.00 33.00 19.00
 2.00 34.00 22.93
 2.00 35.00 23.29
 2.00 36.00 19.78
 2.00 37.00 17.05
 2.00 38.00 15.56
 2.00 39.00 14.65
 2.00 40.00 13.53
 2.00 41.00 11.22
 2.00 42.00  9.98
 2.00 43.00 10.10
 2.00 44.00  8.08
 2.00 45.00  5.48
 2.00 46.00  7.04
 2.00 47.00  7.07
 2.00 48.00  4.24
 2.00 49.00  3.51
 2.00 50.00  6.03
 2.00 51.00  7.34
 2.00 52.00  3.55
 2.00 53.00  3.85
 2.00 54.00  8.95
 2.00 55.00  9.49
 2.00 56.00 10.90
 2.00 57.00  9.98
 2.00 58.00  6.20
 2.00 59.00  7.29
 2.00 60.00  9.06
 2.00 61.00  6.43
 2.00 62.00  2.82
 2.00 63.00  7.38
 3.00  4.00  1.33
 3.00  5.00  3.45
 3.00  6.00  3.50
 3.00  7.00  2.65
 3.00  8.00  3.01
 3.00  9.00  5.79
 3.00 10.00  3.30
 3.00 11.00  5.73
 3.00 12.00  6.44
 3.00 13.00  8.62
 3.00 14.00  9.12
 3.00 15.00 11.21
 3.00 16.00  7.92
 3.00 17.00  4.80
 3.00 18.00 10.36
 3.00 19.00 11.39
 3.00 20.00  7.72
 3.00 21.00  9.62
 3.00 22.00 12.34
 3.00 23.00 12.77
 3.00 24.00  7.38
 3.00 25.00 12.75
 3.00 26.00 15.27
 3.00 27.00 13.33
 3.00 28.00 11.78
 3.00 29.00 16.93
 3.00 30.00 19.33
 3.00 31.00 22.25
 3.00 32.00 20.31
 3.00 33.00 20.16
 3.00 34.00 24.14
 3.00 35.00 24.62
 3.00 36.00 21.33
 3.00 37.00 20.10
 3.00 38.00 17.49
 3.00 39.00 16.54
 3.00 40.00 17.00
 3.00 41.00 14.69
 3.00 42.00 12.31
 3.00 43.00 12.85
 3.00 44.00 12.50
 3.00 45.00  8.80
 3.00 46.00  8.96
 3.00 47.00 10.26
 3.00 48.00  8.93
 3.00 49.00  5.69
 3.00 50.00  8.03
 3.00 51.00  9.88
 3.00 52.00  7.05
 3.00 53.00  3.45
 3.00 54.00  7.82
 3.00 55.00  7.65
 3.00 56.00  7.64
 3.00 57.00  8.64
 3.00 58.00  6.71
 3.00 59.00  3.25
 3.00 60.00  5.80
 3.00 61.00  5.88
 3.00 62.00  3.78
 3.00 63.00  2.65
 4.00  5.00  1.34
 4.00  6.00  3.25
 4.00  7.00  3.10
 4.00  8.00  4.93
 4.00  9.00  7.42
 4.00 10.00  6.05
 4.00 11.00  9.73
 4.00 12.00 10.85
 4.00 13.00 12.90
 4.00 14.00 13.99
 4.00 15.00 15.04
 4.00 16.00 10.08
 4.00 17.00  9.12
 4.00 18.00 12.76
 4.00 19.00 12.90
 4.00 20.00  9.28
 4.00 21.00 11.05
 4.00 22.00 13.43
 4.00 23.00 12.54
 4.00 24.00  7.22
 4.00 25.00 12.63
 4.00 26.00 14.92
 4.00 27.00 11.29
 4.00 28.00  9.62
 4.00 29.00 15.87
 4.00 30.00 18.37
 4.00 31.00 21.30
 4.00 32.00 19.29
 4.00 33.00 18.45
 4.00 34.00 22.54
 4.00 35.00 22.72
 4.00 36.00 19.13
 4.00 37.00 18.46
 4.00 38.00 15.47
 4.00 39.00 15.08
 4.00 40.00 16.23
 4.00 41.00 13.86
 4.00 42.00 10.02
 4.00 43.00 12.67
 4.00 44.00 13.21
 4.00 45.00  9.75
 4.00 46.00  8.64
 4.00 47.00 11.57
 4.00 48.00 10.95
 4.00 49.00  7.41
 4.00 50.00  9.92
 4.00 51.00 12.28
 4.00 52.00 10.03
 4.00 53.00  6.74
 4.00 54.00 12.62
 4.00 55.00 14.55
 4.00 56.00 15.76
 4.00 57.00 16.25
 4.00 58.00 13.07
 4.00 59.00 10.39
 4.00 60.00 13.94
 4.00 61.00 12.00
 4.00 62.00  6.53
 4.00 63.00  9.84
 5.00  6.00  1.33
 5.00  7.00  3.37
 5.00  8.00  6.16
 5.00  9.00  9.39
 5.00 10.00  8.89
 5.00 11.00 12.27
 5.00 12.00 12.63
 5.00 13.00 13.82
 5.00 14.00 13.97
 5.00 15.00 14.55
 5.00 16.00 10.33
 5.00 17.00  9.31
 5.00 18.00 11.80
 5.00 19.00 10.90
 5.00 20.00  7.72
 5.00 21.00  8.70
 5.00 22.00 10.68
 5.00 23.00  9.47
 5.00 24.00  4.15
 5.00 25.00  9.22
 5.00 26.00 11.51
 5.00 27.00  8.41
 5.00 28.00  6.46
 5.00 29.00 12.33
 5.00 30.00 14.31
 5.00 31.00 17.74
 5.00 32.00 15.91
 5.00 33.00 15.09
 5.00 34.00 19.15
 5.00 35.00 19.48
 5.00 36.00 16.17
 5.00 37.00 14.08
 5.00 38.00 11.73
 5.00 39.00 11.07
 5.00 40.00 11.23
 5.00 41.00  8.77
 5.00 42.00  6.46
 5.00 43.00  7.78
 5.00 44.00  7.67
 5.00 45.00  4.28
 5.00 46.00  4.80
 5.00 47.00  6.85
 5.00 48.00  6.75
 5.00 49.00  4.06
 5.00 50.00  6.99
 5.00 51.00  9.42
 5.00 52.00  8.16
 5.00 53.00  7.40
 5.00 54.00 12.26
 5.00 55.00 14.42
 5.00 56.00 16.98
 5.00 57.00 17.02
 5.00 58.00 13.41
 5.00 59.00 12.62
 5.00 60.00 15.55
 5.00 61.00 13.44
 5.00 62.00  6.73
 5.00 63.00 11.71
 6.00  7.00  1.33
 6.00  8.00  3.92
 6.00  9.00  7.43
 6.00 10.00  8.87
 6.00 11.00 11.09
 6.00 12.00  9.77
 6.00 13.00  9.29
 6.00 14.00  8.59
 6.00 15.00  9.62
 6.00 16.00  6.56
 6.00 17.00  3.89
 6.00 18.00  6.41
 6.00 19.00  7.35
 6.00 20.00  4.64
 6.00 21.00  4.59
 6.00 22.00  7.11
 6.00 23.00  8.56
 6.00 24.00  3.52
 6.00 25.00  7.85
 6.00 26.00 10.52
 6.00 27.00  9.41
 6.00 28.00  8.39
 6.00 29.00 12.15
 6.00 30.00 14.18
 6.00 31.00 17.16
 6.00 32.00 15.94
 6.00 33.00 15.80
 6.00 34.00 19.59
 6.00 35.00 20.25
 6.00 36.00 17.33
 6.00 37.00 15.86
 6.00 38.00 13.55
 6.00 39.00 11.90
 6.00 40.00 12.43
 6.00 41.00 10.99
 6.00 42.00  7.90
 6.00 43.00  7.78
 6.00 44.00  8.71
 6.00 45.00  5.35
 6.00 46.00  4.01
 6.00 47.00  5.95
 6.00 48.00  6.79
 6.00 49.00  3.57
 6.00 50.00  4.62
 6.00 51.00  7.06
 6.00 52.00  7.97
 6.00 53.00  4.83
 6.00 54.00  8.30
 6.00 55.00 11.02
 6.00 56.00 13.81
 6.00 57.00 15.64
 6.00 58.00 12.97
 6.00 59.00 10.11
 6.00 60.00 14.19
 6.00 61.00 13.82
 6.00 62.00  8.85
 6.00 63.00 10.68
 7.00  8.00  1.33
 7.00  9.00  4.59
 7.00 10.00  6.51
 7.00 11.00  8.99
 7.00 12.00  7.56
 7.00 13.00 10.05
 7.00 14.00 11.38
 7.00 15.00 11.16
 7.00 16.00  5.22
 7.00 17.00  7.43
 7.00 18.00  9.83
 7.00 19.00  9.05
 7.00 20.00  5.67
 7.00 21.00  8.46
 7.00 22.00 11.03
 7.00 23.00 10.40
 7.00 24.00  5.55
 7.00 25.00 11.12
 7.00 26.00 13.43
 7.00 27.00 10.97
 7.00 28.00  9.94
 7.00 29.00 15.29
 7.00 30.00 18.09
 7.00 31.00 20.78
 7.00 32.00 18.23
 7.00 33.00 18.40
 7.00 34.00 22.37
 7.00 35.00 22.92
 7.00 36.00 19.87
 7.00 37.00 19.30
 7.00 38.00 16.44
 7.00 39.00 15.39
 7.00 40.00 16.70
 7.00 41.00 14.94
 7.00 42.00 11.84
 7.00 43.00 12.59
 7.00 44.00 13.72
 7.00 45.00 10.31
 7.00 46.00  8.44
 7.00 47.00 11.21
 7.00 48.00 11.78
 7.00 49.00  8.14
 7.00 50.00  9.79
 7.00 51.00 12.39
 7.00 52.00 11.77
 7.00 53.00  7.59
 7.00 54.00 12.93
 7.00 55.00 15.60
 7.00 56.00 17.43
 7.00 57.00 18.68
 7.00 58.00 15.67
 7.00 59.00 10.15
 7.00 60.00 16.34
 7.00 61.00 15.26
 7.00 62.00 10.36
 7.00 63.00 12.92
 8.00  9.00  1.34
 8.00 10.00  3.10
 8.00 11.00  5.59
 8.00 12.00  3.63
 8.00 13.00  6.02
 8.00 14.00  7.86
 8.00 15.00  8.33
 8.00 16.00  3.08
 8.00 17.00  3.75
 8.00 18.00  7.61
 8.00 19.00  8.94
 8.00 20.00  6.17
 8.00 21.00  8.61
 8.00 22.00 11.43
 8.00 23.00 12.11
 8.00 24.00  7.92
 8.00 25.00 13.24
 8.00 26.00 15.52
 8.00 27.00 13.59
 8.00 28.00 12.92
 8.00 29.00 17.91
 8.00 30.00 20.75
 8.00 31.00 23.36
 8.00 32.00 20.50
 8.00 33.00 21.21
 8.00 34.00 25.12
 8.00 35.00 25.80
 8.00 36.00 22.88
 8.00 37.00 22.24
 8.00 38.00 19.44
 8.00 39.00 18.27
 8.00 40.00 19.42
 8.00 41.00 17.69
 8.00 42.00 14.61
 8.00 43.00 14.94
 8.00 44.00 15.37
 8.00 45.00 11.81
 8.00 46.00 10.51
 8.00 47.00 11.98
 8.00 48.00 11.67
 8.00 49.00  8.36
 8.00 50.00  9.38
 8.00 51.00 11.29
 8.00 52.00 10.08
 8.00 53.00  4.81
 8.00 54.00  9.85
 8.00 55.00 12.04
 8.00 56.00 13.21
 8.00 57.00 14.74
 8.00 58.00 12.30
 8.00 59.00  6.04
 8.00 60.00 12.14
 8.00 61.00 11.89
 8.00 62.00  9.42
 8.00 63.00  9.95
 9.00 10.00  1.34
 9.00 11.00  3.12
 9.00 12.00  4.07
 9.00 13.00  7.09
 9.00 14.00 10.15
 9.00 15.00 10.75
 9.00 16.00  5.43
 9.00 17.00  6.74
 9.00 18.00 10.64
 9.00 19.00 11.04
 9.00 20.00  8.62
 9.00 21.00 11.39
 9.00 22.00 14.14
 9.00 23.00 14.32
 9.00 24.00 11.11
 9.00 25.00 16.07
 9.00 26.00 18.27
 9.00 27.00 16.88
 9.00 28.00 16.47
 9.00 29.00 21.10
 9.00 30.00 23.95
 9.00 31.00 26.47
 9.00 32.00 23.36
 9.00 33.00 24.58
 9.00 34.00 28.40
 9.00 35.00 29.21
 9.00 36.00 26.43
 9.00 37.00 25.70
 9.00 38.00 22.98
 9.00 39.00 21.69
 9.00 40.00 22.67
 9.00 41.00 20.98
 9.00 42.00 17.93
 9.00 43.00 18.06
 9.00 44.00 18.78
 9.00 45.00 15.20
 9.00 46.00 13.80
 9.00 47.00 15.42
 9.00 48.00 15.25
 9.00 49.00 11.88
 9.00 50.00 12.75
 9.00 51.00 14.68
 9.00 52.00 13.52
 9.00 53.00  8.29
 9.00 54.00 12.72
 9.00 55.00 14.19
 9.00 56.00 14.35
 9.00 57.00 16.00
 9.00 58.00 14.23
 9.00 59.00  6.33
 9.00 60.00 13.02
 9.00 61.00 13.05
 9.00 62.00  9.35
 9.00 63.00  8.42
10.00 11.00  1.33
10.00 12.00  3.71
10.00 13.00  6.96
10.00 14.00  9.17
10.00 15.00 11.38
10.00 16.00  7.12
10.00 17.00  6.56
10.00 18.00 11.51
10.00 19.00 13.13
10.00 20.00 10.37
10.00 21.00 12.73
10.00 22.00 15.55
10.00 23.00 16.40
10.00 24.00 12.54
10.00 25.00 17.48
10.00 26.00 19.87
10.00 27.00 18.76
10.00 28.00 17.84
10.00 29.00 22.42
10.00 30.00 24.92
10.00 31.00 27.66
10.00 32.00 25.17
10.00 33.00 25.98
10.00 34.00 29.83
10.00 35.00 30.56
10.00 36.00 27.35
10.00 37.00 25.80
10.00 38.00 23.29
10.00 39.00 22.49
10.00 40.00 22.94
10.00 41.00 20.35
10.00 42.00 17.94
10.00 43.00 18.54
10.00 44.00 18.27
10.00 45.00 14.71
10.00 46.00 14.07
10.00 47.00 15.07
10.00 48.00 13.88
10.00 49.00 10.89
10.00 50.00 12.48
10.00 51.00 13.54
10.00 52.00 10.55
10.00 53.00  7.16
10.00 54.00 10.64
10.00 55.00 10.58
10.00 56.00 10.17
10.00 57.00 11.79
10.00 58.00 10.52
10.00 59.00  3.31
10.00 60.00  8.75
10.00 61.00  8.42
10.00 62.00  7.05
10.00 63.00  5.28
11.00 12.00  1.33
11.00 13.00  3.68
11.00 14.00  6.57
11.00 15.00  8.76
11.00 16.00  7.41
11.00 17.00  6.51
11.00 18.00 11.01
11.00 19.00 12.34
11.00 20.00 11.82
11.00 21.00 13.82
11.00 22.00 16.36
11.00 23.00 17.70
11.00 24.00 14.63
11.00 25.00 19.19
11.00 26.00 21.56
11.00 27.00 21.09
11.00 28.00 20.22
11.00 29.00 24.34
11.00 30.00 26.75
11.00 31.00 29.43
11.00 32.00 26.99
11.00 33.00 28.09
11.00 34.00 31.86
11.00 35.00 32.70
11.00 36.00 29.82
11.00 37.00 28.46
11.00 38.00 26.00
11.00 39.00 24.63
11.00 40.00 25.03
11.00 41.00 23.25
11.00 42.00 20.47
11.00 43.00 20.26
11.00 44.00 20.25
11.00 45.00 16.80
11.00 46.00 15.57
11.00 47.00 16.34
11.00 48.00 15.47
11.00 49.00 12.15
11.00 50.00 13.23
11.00 51.00 14.70
11.00 52.00 12.11
11.00 53.00  8.50
11.00 54.00 11.16
11.00 55.00 11.62
11.00 56.00 11.27
11.00 57.00 13.30
11.00 58.00 12.56
11.00 59.00  3.52
11.00 60.00 10.47
11.00 61.00 11.62
11.00 62.00 10.15
11.00 63.00  7.55
12.00 13.00  1.33
12.00 14.00  4.10
12.00 15.00  6.16
12.00 16.00  3.90
12.00 17.00  4.07
12.00 18.00  8.19
12.00 19.00  8.93
12.00 20.00  8.60
12.00 21.00 10.86
12.00 22.00 13.33
12.00 23.00 14.34
12.00 24.00 12.51
12.00 25.00 16.42
12.00 26.00 18.47
12.00 27.00 18.77
12.00 28.00 18.64
12.00 29.00 21.96
12.00 30.00 24.74
12.00 31.00 26.99
12.00 32.00 23.78
12.00 33.00 25.87
12.00 34.00 29.41
12.00 35.00 30.56
12.00 36.00 28.33
12.00 37.00 27.47
12.00 38.00 25.03
12.00 39.00 23.20
12.00 40.00 23.77
12.00 41.00 22.57
12.00 42.00 19.60
12.00 43.00 18.73
12.00 44.00 18.87
12.00 45.00 15.86
12.00 46.00 13.89
12.00 47.00 14.25
12.00 48.00 14.04
12.00 49.00 10.50
12.00 50.00 10.54
12.00 51.00 12.25
12.00 52.00 10.28
12.00 53.00  6.70
12.00 54.00  8.54
12.00 55.00  9.78
12.00 56.00 10.11
12.00 57.00 12.15
12.00 58.00 11.85
12.00 59.00  2.81
12.00 60.00 10.50
12.00 61.00 12.48
12.00 62.00 10.82
12.00 63.00  7.98
13.00 14.00  1.34
13.00 15.00  3.04
13.00 16.00  3.01
13.00 17.00  3.42
13.00 18.00  5.41
13.00 19.00  7.19
13.00 20.00  8.15
13.00 21.00  9.40
13.00 22.00 11.24
13.00 23.00 13.06
13.00 24.00 12.59
13.00 25.00 15.19
13.00 26.00 17.13
13.00 27.00 18.63
13.00 28.00 18.69
13.00 29.00 20.85
13.00 30.00 23.31
13.00 31.00 25.13
13.00 32.00 22.61
13.00 33.00 25.08
13.00 34.00 28.31
13.00 35.00 29.71
13.00 36.00 27.93
13.00 37.00 26.80
13.00 38.00 24.76
13.00 39.00 22.46
13.00 40.00 22.81
13.00 41.00 22.11
13.00 42.00 19.08
13.00 43.00 17.70
13.00 44.00 18.24
13.00 45.00 15.62
13.00 46.00 13.05
13.00 47.00 13.41
13.00 48.00 14.01
13.00 49.00 10.48
13.00 50.00  8.38
13.00 51.00 11.68
13.00 52.00 10.71
13.00 53.00  6.72
13.00 54.00  7.67
13.00 55.00  9.04
13.00 56.00  8.12
13.00 57.00 10.53
13.00 58.00 12.02
13.00 59.00  4.15
13.00 60.00 10.50
13.00 61.00 13.24
13.00 62.00 12.88
13.00 63.00 10.25
14.00 15.00  1.34
14.00 16.00  3.20
14.00 17.00  3.29
14.00 18.00  3.11
14.00 19.00  5.22
14.00 20.00  7.01
14.00 21.00  7.75
14.00 22.00  8.26
14.00 23.00 11.24
14.00 24.00 11.85
14.00 25.00 13.26
14.00 26.00 15.05
14.00 27.00 16.94
14.00 28.00 17.55
14.00 29.00 18.35
14.00 30.00 21.05
14.00 31.00 22.47
14.00 32.00 20.54
14.00 33.00 23.20
14.00 34.00 26.15
14.00 35.00 27.71
14.00 36.00 26.30
14.00 37.00 25.08
14.00 38.00 23.34
14.00 39.00 20.73
14.00 40.00 20.89
14.00 41.00 20.64
14.00 42.00 17.70
14.00 43.00 15.42
14.00 44.00 16.46
14.00 45.00 14.38
14.00 46.00 11.46
14.00 47.00 11.48
14.00 48.00 12.33
14.00 49.00  9.51
14.00 50.00  5.48
14.00 51.00  8.02
14.00 52.00  8.87
14.00 53.00  5.43
14.00 54.00  2.56
14.00 55.00  5.83
14.00 56.00  6.77
14.00 57.00  9.53
14.00 58.00 11.12
14.00 59.00  4.43
14.00 60.00 11.54
14.00 61.00 14.12
14.00 62.00 12.96
14.00 63.00 10.68
15.00 16.00  1.34
15.00 17.00  3.52
15.00 18.00  3.50
15.00 19.00  3.20
15.00 20.00  5.59
15.00 21.00  7.30
15.00 22.00  6.84
15.00 23.00  9.62
15.00 24.00 11.43
15.00 25.00 12.66
15.00 26.00 14.00
15.00 27.00 15.80
15.00 28.00 17.31
15.00 29.00 17.93
15.00 30.00 21.03
15.00 31.00 21.78
15.00 32.00 19.11
15.00 33.00 22.59
15.00 34.00 25.40
15.00 35.00 27.12
15.00 36.00 26.13
15.00 37.00 25.53
15.00 38.00 23.68
15.00 39.00 20.96
15.00 40.00 21.60
15.00 41.00 21.61
15.00 42.00 18.48
15.00 43.00 15.57
15.00 44.00 17.92
15.00 45.00 15.92
15.00 46.00 12.75
15.00 47.00 13.32
15.00 48.00 14.76
15.00 49.00 11.52
15.00 50.00  7.01
15.00 51.00 11.88
15.00 52.00 11.71
15.00 53.00  7.92
15.00 54.00  7.47
15.00 55.00  9.96
15.00 56.00 11.14
15.00 57.00 13.71
15.00 58.00 14.51
15.00 59.00  7.16
15.00 60.00 14.17
15.00 61.00 16.67
15.00 62.00 15.14
15.00 63.00 13.35
16.00 17.00  1.34
16.00 18.00  3.03
16.00 19.00  2.90
16.00 20.00  2.95
16.00 21.00  5.00
16.00 22.00  6.84
16.00 23.00  7.97
16.00 24.00  8.53
16.00 25.00 10.65
16.00 26.00 12.31
16.00 27.00 13.67
16.00 28.00 14.50
16.00 29.00 16.41
16.00 30.00 19.36
16.00 31.00 20.90
16.00 32.00 17.58
16.00 33.00 20.51
16.00 34.00 23.67
16.00 35.00 25.16
16.00 36.00 23.75
16.00 37.00 23.30
16.00 38.00 21.15
16.00 39.00 18.70
16.00 40.00 19.63
16.00 41.00 19.32
16.00 42.00 16.03
16.00 43.00 14.12
16.00 44.00 16.19
16.00 45.00 13.75
16.00 46.00 10.51
16.00 47.00 12.02
16.00 48.00 13.52
16.00 49.00 10.28
16.00 50.00  6.99
16.00 51.00 11.28
16.00 52.00 12.03
16.00 53.00  7.99
16.00 54.00  9.37
16.00 55.00 11.75
16.00 56.00 13.24
16.00 57.00 15.71
16.00 58.00 15.59
16.00 59.00  7.77
16.00 60.00 15.14
16.00 61.00 16.07
16.00 62.00 13.95
16.00 63.00 12.77
17.00 18.00  1.34
17.00 19.00  3.42
17.00 20.00  3.45
17.00 21.00  2.91
17.00 22.00  5.12
17.00 23.00  7.16
17.00 24.00  6.88
17.00 25.00  8.53
17.00 26.00 10.64
17.00 27.00 12.24
17.00 28.00 12.48
17.00 29.00 14.15
17.00 30.00 16.65
17.00 31.00 18.59
17.00 32.00 16.30
17.00 33.00 18.43
17.00 34.00 21.63
17.00 35.00 23.02
17.00 36.00 21.40
17.00 37.00 20.44
17.00 38.00 18.51
17.00 39.00 15.97
17.00 40.00 16.52
17.00 41.00 16.23
17.00 42.00 13.08
17.00 43.00 11.22
17.00 44.00 12.50
17.00 45.00  9.84
17.00 46.00  7.26
17.00 47.00  7.91
17.00 48.00  8.82
17.00 49.00  5.32
17.00 50.00  3.88
17.00 51.00  6.76
17.00 52.00  7.44
17.00 53.00  3.94
17.00 54.00  5.59
17.00 55.00  8.27
17.00 56.00  9.86
17.00 57.00 11.72
17.00 58.00 10.38
17.00 59.00  4.26
17.00 60.00 10.18
17.00 61.00 11.31
17.00 62.00  9.23
17.00 63.00  8.46
18.00 19.00  1.34
18.00 20.00  3.22
18.00 21.00  3.21
18.00 22.00  2.96
18.00 23.00  5.15
18.00 24.00  6.88
18.00 25.00  7.54
18.00 26.00  8.92
18.00 27.00 10.97
18.00 28.00 12.43
18.00 29.00 12.71
18.00 30.00 15.78
18.00 31.00 16.72
18.00 32.00 14.26
18.00 33.00 17.45
18.00 34.00 20.20
18.00 35.00 21.92
18.00 36.00 21.09
18.00 37.00 20.57
18.00 38.00 18.89
18.00 39.00 15.97
18.00 40.00 16.71
18.00 41.00 17.13
18.00 42.00 14.04
18.00 43.00 10.40
18.00 44.00 13.81
18.00 45.00 12.34
18.00 46.00  8.53
18.00 47.00  9.66
18.00 48.00 11.62
18.00 49.00  8.63
18.00 50.00  2.64
18.00 51.00  8.84
18.00 52.00 10.41
18.00 53.00  7.72
18.00 54.00  6.74
18.00 55.00 10.05
18.00 56.00 12.51
18.00 57.00 15.10
18.00 58.00 14.51
18.00 59.00  8.94
18.00 60.00 15.05
18.00 61.00 16.43
18.00 62.00 13.92
18.00 63.00 14.05
19.00 20.00  1.33
19.00 21.00  3.32
19.00 22.00  3.43
19.00 23.00  3.31
19.00 24.00  5.16
19.00 25.00  6.98
19.00 26.00  7.93
19.00 27.00  9.35
19.00 28.00 11.25
19.00 29.00 12.54
19.00 30.00 15.77
19.00 31.00 16.59
19.00 32.00 12.85
19.00 33.00 16.49
19.00 34.00 19.37
19.00 35.00 21.05
19.00 36.00 20.28
19.00 37.00 20.49
19.00 38.00 18.46
19.00 39.00 15.75
19.00 40.00 17.17
19.00 41.00 17.50
19.00 42.00 14.20
19.00 43.00 11.08
19.00 44.00 14.91
19.00 45.00 13.32
19.00 46.00  8.79
19.00 47.00 11.40
19.00 48.00 13.42
19.00 49.00 10.94
19.00 50.00  5.86
19.00 51.00 11.03
19.00 52.00 12.96
19.00 53.00 10.40
19.00 54.00  9.68
19.00 55.00 12.74
19.00 56.00 15.23
19.00 57.00 17.87
19.00 58.00 17.31
19.00 59.00 11.44
19.00 60.00 17.83
19.00 61.00 19.12
19.00 62.00 16.19
19.00 63.00 16.53
20.00 21.00  1.34
20.00 22.00  3.30
20.00 23.00  3.41
20.00 24.00  2.95
20.00 25.00  4.77
20.00 26.00  6.65
20.00 27.00  7.63
20.00 28.00  8.50
20.00 29.00 10.39
20.00 30.00 13.65
20.00 31.00 15.44
20.00 32.00 12.04
20.00 33.00 14.33
20.00 34.00 17.65
20.00 35.00 19.01
20.00 36.00 17.59
20.00 37.00 17.56
20.00 38.00 15.35
20.00 39.00 12.86
20.00 40.00 14.34
20.00 41.00 14.32
20.00 42.00 10.95
20.00 43.00  9.05
20.00 44.00 12.04
20.00 45.00 10.40
20.00 46.00  5.63
20.00 47.00  8.73
20.00 48.00 11.05
20.00 49.00  9.24
20.00 50.00  6.53
20.00 51.00 10.23
20.00 52.00 12.36
20.00 53.00  8.32
20.00 54.00 11.01
20.00 55.00 13.80
20.00 56.00 16.34
20.00 57.00 18.53
20.00 58.00 16.74
20.00 59.00 11.22
20.00 60.00 17.23
20.00 61.00 17.49
20.00 62.00 13.68
20.00 63.00 14.78
21.00 22.00  1.34
21.00 23.00  3.29
21.00 24.00  3.19
21.00 25.00  2.61
21.00 26.00  4.66
21.00 27.00  6.58
21.00 28.00  7.54
21.00 29.00  7.36
21.00 30.00  9.77
21.00 31.00 11.34
21.00 32.00 10.41
21.00 33.00 12.56
21.00 34.00 15.58
21.00 35.00 17.10
21.00 36.00 15.45
21.00 37.00 14.58
21.00 38.00 13.45
21.00 39.00 10.41
21.00 40.00 10.26
21.00 41.00 10.97
21.00 42.00  8.43
21.00 43.00  4.04
21.00 44.00  7.31
21.00 45.00  7.11
21.00 46.00  3.93
21.00 47.00  3.63
21.00 48.00  5.99
21.00 49.00  6.53
21.00 50.00  3.35
21.00 51.00  6.12
21.00 52.00  9.06
21.00 53.00  8.51
21.00 54.00  8.45
21.00 55.00 11.35
21.00 56.00 14.54
21.00 57.00 16.93
21.00 58.00 14.94
21.00 59.00 12.30
21.00 60.00 16.74
21.00 61.00 17.12
21.00 62.00 14.05
21.00 63.00 15.65
22.00 23.00  1.34
22.00 24.00  3.34
22.00 25.00  3.49
22.00 26.00  2.98
22.00 27.00  5.27
22.00 28.00  7.26
22.00 29.00  7.72
22.00 30.00 10.90
22.00 31.00 11.29
22.00 32.00  7.99
22.00 33.00 11.77
22.00 34.00 14.30
22.00 35.00 16.18
22.00 36.00 16.09
22.00 37.00 16.60
22.00 38.00 15.04
22.00 39.00 11.97
22.00 40.00 13.46
22.00 41.00 14.69
22.00 42.00 11.86
22.00 43.00  7.10
22.00 44.00 11.90
22.00 45.00 11.13
22.00 46.00  6.60
22.00 47.00  8.63
22.00 48.00 10.84
22.00 49.00 10.04
22.00 50.00  5.01
22.00 51.00 10.09
22.00 52.00 12.62
22.00 53.00 11.30
22.00 54.00 10.03
22.00 55.00 13.57
22.00 56.00 16.42
22.00 57.00 19.24
22.00 58.00 18.30
22.00 59.00 14.59
22.00 60.00 19.68
22.00 61.00 20.15
22.00 62.00 16.87
22.00 63.00 18.34
23.00 24.00  1.33
23.00 25.00  3.39
23.00 26.00  3.25
23.00 27.00  3.07
23.00 28.00  5.36
23.00 29.00  7.18
23.00 30.00 10.66
23.00 31.00 12.01
23.00 32.00  7.30
23.00 33.00 10.44
23.00 34.00 13.48
23.00 35.00 15.00
23.00 36.00 14.42
23.00 37.00 15.59
23.00 38.00 13.50
23.00 39.00 10.96
23.00 40.00 12.70
23.00 41.00 13.84
23.00 42.00 11.03
23.00 43.00  8.08
23.00 44.00 11.92
23.00 45.00 11.78
23.00 46.00  6.93
23.00 47.00 10.03
23.00 48.00 12.79
23.00 49.00 12.20
23.00 50.00  8.91
23.00 51.00 12.64
23.00 52.00 15.13
23.00 53.00 13.18
23.00 54.00 13.84
23.00 55.00 16.85
23.00 56.00 19.90
23.00 57.00 22.38
23.00 58.00 20.85
23.00 59.00 16.61
23.00 60.00 21.98
23.00 61.00 22.24
23.00 62.00 15.89
23.00 63.00 17.99
24.00 25.00  1.34
24.00 26.00  3.10
24.00 27.00  2.97
24.00 28.00  2.95
24.00 29.00  4.60
24.00 30.00  8.04
24.00 31.00 10.06
24.00 32.00  7.64
24.00 33.00  8.37
24.00 34.00 11.86
24.00 35.00 13.06
24.00 36.00 11.75
24.00 37.00 12.26
24.00 38.00 10.22
24.00 39.00  7.55
24.00 40.00  9.42
24.00 41.00 10.29
24.00 42.00  7.55
24.00 43.00  4.99
24.00 44.00  8.43
24.00 45.00  8.18
24.00 46.00  3.70
24.00 47.00  7.26
24.00 48.00  9.86
24.00 49.00  7.61
24.00 50.00  7.91
24.00 51.00 10.64
24.00 52.00 11.99
24.00 53.00  9.15
24.00 54.00 12.74
24.00 55.00 15.44
24.00 56.00 18.35
24.00 57.00 20.14
24.00 58.00 17.26
24.00 59.00 14.05
24.00 60.00 18.62
24.00 61.00 17.84
24.00 62.00 13.29
24.00 63.00 16.30
25.00 26.00  1.33
25.00 27.00  3.34
25.00 28.00  3.74
25.00 29.00  3.04
25.00 30.00  6.00
25.00 31.00  7.30
25.00 32.00  5.58
25.00 33.00  7.25
25.00 34.00  9.87
25.00 35.00 11.56
25.00 36.00 11.27
25.00 37.00 12.00
25.00 38.00 10.83
25.00 39.00  7.61
25.00 40.00  8.86
25.00 41.00 10.58
25.00 42.00  8.32
25.00 43.00  3.50
25.00 44.00  8.17
25.00 45.00  9.08
25.00 46.00  4.58
25.00 47.00  6.88
25.00 48.00  9.53
25.00 49.00 10.43
25.00 50.00  7.92
25.00 51.00 10.55
25.00 52.00 13.41
25.00 53.00 12.84
25.00 54.00 13.18
25.00 55.00 16.19
25.00 56.00 19.59
25.00 57.00 21.91
25.00 58.00 19.26
25.00 59.00 17.68
25.00 60.00 21.74
25.00 61.00 21.35
25.00 62.00 17.50
25.00 63.00 20.21
26.00 27.00  1.34
26.00 28.00  3.36
26.00 29.00  3.90
26.00 30.00  6.74
26.00 31.00  7.25
26.00 32.00  3.00
26.00 33.00  5.91
26.00 34.00  8.58
26.00 35.00 10.35
26.00 36.00 10.89
26.00 37.00 12.79
26.00 38.00 11.34
26.00 39.00  7.91
26.00 40.00  9.78
26.00 41.00 11.96
26.00 42.00 10.12
26.00 43.00  5.69
26.00 44.00 10.24
26.00 45.00 11.47
26.00 46.00  7.27
26.00 47.00  9.42
26.00 48.00 12.26
26.00 49.00 13.17
26.00 50.00 10.72
26.00 51.00 13.64
26.00 52.00 16.28
26.00 53.00 15.52
26.00 54.00 16.08
26.00 55.00 19.01
26.00 56.00 22.34
26.00 57.00 24.68
26.00 58.00 22.11
26.00 59.00 20.03
26.00 60.00 24.36
26.00 61.00 24.09
26.00 62.00 20.24
26.00 63.00 22.86
27.00 28.00  1.33
27.00 29.00  3.63
27.00 30.00  6.60
27.00 31.00  8.36
27.00 32.00  5.05
27.00 33.00  4.62
27.00 34.00  8.20
27.00 35.00  9.10
27.00 36.00  8.38
27.00 37.00 10.76
27.00 38.00  8.76
27.00 39.00  5.60
27.00 40.00  8.14
27.00 41.00 10.24
27.00 42.00  8.05
27.00 43.00  6.75
27.00 44.00  9.82
27.00 45.00 11.36
27.00 46.00  7.12
27.00 47.00 10.61
27.00 48.00 13.53
27.00 49.00 13.78
27.00 50.00 12.52
27.00 51.00 15.41
27.00 52.00 17.91
27.00 53.00 16.29
27.00 54.00 18.22
27.00 55.00 20.97
27.00 56.00 24.26
27.00 57.00 26.48
27.00 58.00 23.61
27.00 59.00 21.06
27.00 60.00 25.68
27.00 61.00 24.54
27.00 62.00 19.77
27.00 63.00 23.39
28.00 29.00  1.33
28.00 30.00  3.34
28.00 31.00  6.13
28.00 32.00  6.05
28.00 33.00  4.24
28.00 34.00  7.81
28.00 35.00  8.43
28.00 36.00  6.79
28.00 37.00  7.11
28.00 38.00  5.77
28.00 39.00  2.90
28.00 40.00  4.07
28.00 41.00  6.06
28.00 42.00  4.22
28.00 43.00  3.23
28.00 44.00  6.16
28.00 45.00  7.94
28.00 46.00  3.39
28.00 47.00  8.05
28.00 48.00 10.72
28.00 49.00 10.79
28.00 50.00 11.65
28.00 51.00 13.79
28.00 52.00 15.36
28.00 53.00 14.24
28.00 54.00 17.50
28.00 55.00 19.92
28.00 56.00 23.09
28.00 57.00 24.44
28.00 58.00 21.00
28.00 59.00 19.88
28.00 60.00 23.30
28.00 61.00 21.82
28.00 62.00 16.85
28.00 63.00 21.01
29.00 30.00  1.34
29.00 31.00  3.10
29.00 32.00  3.36
29.00 33.00  2.54
29.00 34.00  4.82
29.00 35.00  6.29
29.00 36.00  6.57
29.00 37.00  8.27
29.00 38.00  7.78
29.00 39.00  4.48
29.00 40.00  5.25
29.00 41.00  7.70
29.00 42.00  7.22
29.00 43.00  4.10
29.00 44.00  7.41
29.00 45.00  9.67
29.00 46.00  7.08
29.00 47.00  8.84
29.00 48.00 11.92
29.00 49.00 13.45
29.00 50.00 11.95
29.00 51.00 11.94
29.00 52.00 17.05
29.00 53.00 17.42
29.00 54.00 17.05
29.00 55.00 20.17
29.00 56.00 23.64
29.00 57.00 25.86
29.00 58.00 22.61
29.00 59.00 22.92
29.00 60.00 26.01
29.00 61.00 25.04
29.00 62.00 21.07
29.00 63.00 24.72
30.00 31.00  1.34
30.00 32.00  3.06
30.00 33.00  3.24
30.00 34.00  2.51
30.00 35.00  4.30
30.00 36.00  4.31
30.00 37.00  6.08
30.00 38.00  7.13
30.00 39.00  4.32
30.00 40.00  3.43
30.00 41.00  5.98
30.00 42.00  7.28
30.00 43.00  4.22
30.00 44.00  6.44
30.00 45.00  9.16
30.00 46.00  8.89
30.00 47.00  9.53
30.00 48.00 11.82
30.00 49.00 13.95
30.00 50.00 13.84
30.00 51.00 13.16
30.00 52.00 17.67
30.00 53.00 19.11
30.00 54.00 18.99
30.00 55.00 21.77
30.00 56.00 25.22
30.00 57.00 26.82
30.00 58.00 22.77
30.00 59.00 24.41
30.00 60.00 26.89
30.00 61.00 25.73
30.00 62.00 22.24
30.00 63.00 25.88
31.00 32.00  1.33
31.00 33.00  3.62
31.00 34.00  4.02
31.00 35.00  6.49
31.00 36.00  6.81
31.00 37.00  8.93
31.00 38.00  9.72
31.00 39.00  6.84
31.00 40.00  6.58
31.00 41.00  9.31
31.00 42.00 10.82
31.00 43.00  7.54
31.00 44.00 10.09
31.00 45.00 12.81
31.00 46.00 12.04
31.00 47.00 12.32
31.00 48.00 15.07
31.00 49.00 17.25
31.00 50.00 16.01
31.00 51.00 15.56
31.00 52.00 20.64
31.00 53.00 22.06
31.00 54.00 21.00
31.00 55.00 24.11
31.00 56.00 27.58
31.00 57.00 29.74
31.00 58.00 25.91
31.00 59.00 27.33
31.00 60.00 29.95
31.00 61.00 29.06
31.00 62.00 25.51
31.00 63.00 29.12
32.00 33.00  1.34
32.00 34.00  3.44
32.00 35.00  5.93
32.00 36.00  8.37
32.00 37.00 10.78
32.00 38.00 11.06
32.00 39.00  7.63
32.00 40.00  8.70
32.00 41.00 11.28
32.00 42.00 12.06
32.00 43.00  8.50
32.00 44.00 11.72
32.00 45.00 14.30
32.00 46.00 11.92
32.00 47.00 13.71
32.00 48.00 16.34
32.00 49.00 18.09
32.00 50.00 16.32
32.00 51.00 17.08
32.00 52.00 21.49
32.00 53.00 21.17
32.00 54.00 21.58
32.00 55.00 24.61
32.00 56.00 27.98
32.00 57.00 30.33
32.00 58.00 27.16
32.00 59.00 25.75
32.00 60.00 30.06
32.00 61.00 29.61
32.00 62.00 25.97
32.00 63.00 29.09
33.00 34.00  1.34
33.00 35.00  2.48
33.00 36.00  3.73
33.00 37.00  6.47
33.00 38.00  6.83
33.00 39.00  3.25
33.00 40.00  5.70
33.00 41.00  8.39
33.00 42.00  8.61
33.00 43.00  7.36
33.00 44.00 10.11
33.00 45.00 12.37
33.00 46.00 10.03
33.00 47.00 13.10
33.00 48.00 15.55
33.00 49.00 17.12
33.00 50.00 16.88
33.00 51.00 17.69
33.00 52.00 21.28
33.00 53.00 21.33
33.00 54.00 22.57
33.00 55.00 25.31
33.00 56.00 28.73
33.00 57.00 30.40
33.00 58.00 26.54
33.00 59.00 27.07
33.00 60.00 29.94
33.00 61.00 28.62
33.00 62.00 23.15
33.00 63.00 27.25
34.00 35.00  1.33
34.00 36.00  3.71
34.00 37.00  6.77
34.00 38.00  8.60
34.00 39.00  6.72
34.00 40.00  8.25
34.00 41.00 10.88
34.00 42.00 12.27
34.00 43.00 10.51
34.00 44.00 12.98
34.00 45.00 15.62
34.00 46.00 13.94
34.00 47.00 16.30
34.00 48.00 18.60
34.00 49.00 20.48
34.00 50.00 19.96
34.00 51.00 19.95
34.00 52.00 24.35
34.00 53.00 24.96
34.00 54.00 25.31
34.00 55.00 28.22
34.00 56.00 31.69
34.00 57.00 33.53
34.00 58.00 29.62
34.00 59.00 30.52
34.00 60.00 33.36
34.00 61.00 32.18
34.00 62.00 27.25
34.00 63.00 31.66
35.00 36.00  1.34
35.00 37.00  4.75
35.00 38.00  6.39
35.00 39.00  6.31
35.00 40.00  7.71
35.00 41.00  9.79
35.00 42.00 11.34
35.00 43.00 11.10
35.00 44.00 12.94
35.00 45.00 15.74
35.00 46.00 14.30
35.00 47.00 17.07
35.00 48.00 19.22
35.00 49.00 21.05
35.00 50.00 21.12
35.00 51.00 20.98
35.00 52.00 25.18
35.00 53.00 25.74
35.00 54.00 26.59
35.00 55.00 29.36
35.00 56.00 32.80
35.00 57.00 34.31
35.00 58.00 30.20
35.00 59.00 31.54
35.00 60.00 34.07
35.00 61.00 32.57
35.00 62.00 26.81
35.00 63.00 31.92
36.00 37.00  1.34
36.00 38.00  3.26
36.00 39.00  2.87
36.00 40.00  4.05
36.00 41.00  5.98
36.00 42.00  7.59
36.00 43.00  8.48
36.00 44.00  9.07
36.00 45.00 12.10
36.00 46.00 11.20
36.00 47.00 14.24
36.00 48.00 15.98
36.00 49.00 17.88
36.00 50.00 18.85
36.00 51.00 18.06
36.00 52.00 22.07
36.00 53.00 22.85
36.00 54.00 24.18
36.00 55.00 26.70
36.00 56.00 30.07
36.00 57.00 31.07
36.00 58.00 26.69
36.00 59.00 28.64
36.00 60.00 30.96
36.00 61.00 29.02
36.00 62.00 22.84
36.00 63.00 27.95
37.00 38.00  1.33
37.00 39.00  3.25
37.00 40.00  3.16
37.00 41.00  2.67
37.00 42.00  4.74
37.00 43.00  6.52
37.00 44.00  6.74
37.00 45.00  9.15
37.00 46.00 10.12
37.00 47.00 12.25
37.00 48.00 13.45
37.00 49.00 15.19
37.00 50.00 16.78
37.00 51.00 16.10
37.00 52.00 19.19
37.00 53.00 20.83
37.00 54.00 22.31
37.00 55.00 24.49
37.00 56.00 27.72
37.00 57.00 28.19
37.00 58.00 23.40
37.00 59.00 25.82
37.00 60.00 28.05
37.00 61.00 25.91
37.00 62.00 20.32
37.00 63.00 25.80
38.00 39.00  1.33
38.00 40.00  3.37
38.00 41.00  3.37
38.00 42.00  2.95
38.00 43.00  4.90
38.00 44.00  6.92
38.00 45.00  8.10
38.00 46.00  7.67
38.00 47.00 11.02
38.00 48.00 12.57
38.00 49.00 13.83
38.00 50.00 15.30
38.00 51.00 15.95
38.00 52.00 17.87
38.00 53.00 18.81
38.00 54.00 21.34
38.00 55.00 23.42
38.00 56.00 26.61
38.00 57.00 27.11
38.00 58.00 22.65
38.00 59.00 24.34
38.00 60.00 26.57
38.00 61.00 24.36
38.00 62.00 18.35
38.00 63.00 23.70
39.00 40.00  1.34
39.00 41.00  3.19
39.00 42.00  3.26
39.00 43.00  2.64
39.00 44.00  4.69
39.00 45.00  6.69
39.00 46.00  5.95
39.00 47.00  8.59
39.00 48.00 10.55
39.00 49.00 12.13
39.00 50.00 13.16
39.00 51.00 13.52
39.00 52.00 16.37
39.00 53.00 17.17
39.00 54.00 18.81
39.00 55.00 21.18
39.00 56.00 24.51
39.00 57.00 25.53
39.00 58.00 21.36
39.00 59.00 22.83
39.00 60.00 25.16
39.00 61.00 23.45
39.00 62.00 18.46
39.00 63.00 23.21
40.00 41.00  1.33
40.00 42.00  3.39
40.00 43.00  3.54
40.00 44.00  3.00
40.00 45.00  5.23
40.00 46.00  7.17
40.00 47.00  7.67
40.00 48.00  9.01
40.00 49.00 11.05
40.00 50.00 12.49
40.00 51.00 11.47
40.00 52.00 15.11
40.00 53.00 17.00
40.00 54.00 17.69
40.00 55.00 19.95
40.00 56.00 23.23
40.00 57.00 23.98
40.00 58.00 19.52
40.00 59.00 21.74
40.00 60.00 24.04
40.00 61.00 22.29
40.00 62.00 17.41
40.00 63.00 22.26
41.00 42.00  1.33
41.00 43.00  3.41
41.00 44.00  3.64
41.00 45.00  3.71
41.00 46.00  5.84
41.00 47.00  7.61
41.00 48.00  8.11
41.00 49.00  9.66
41.00 50.00 11.61
41.00 51.00 11.48
41.00 52.00 13.50
41.00 53.00 15.43
41.00 54.00 17.46
41.00 55.00 19.28
41.00 56.00 22.36
41.00 57.00 22.55
41.00 58.00 17.81
41.00 59.00 20.11
41.00 60.00 22.29
41.00 61.00 20.07
41.00 62.00 14.50
41.00 63.00 19.75
42.00 43.00  1.34
42.00 44.00  3.23
42.00 45.00  2.92
42.00 46.00  3.11
42.00 47.00  5.28
42.00 48.00  6.87
42.00 49.00  7.81
42.00 50.00  9.24
42.00 51.00 10.77
42.00 52.00 11.93
42.00 53.00 12.85
42.00 54.00 15.46
42.00 55.00 17.41
42.00 56.00 20.57
42.00 57.00 21.22
42.00 58.00 17.10
42.00 59.00 18.36
42.00 60.00 20.63
42.00 61.00 18.75
42.00 62.00 13.68
42.00 63.00 18.34
43.00 44.00  1.34
43.00 45.00  3.02
43.00 46.00  2.98
43.00 47.00  2.90
43.00 48.00  4.95
43.00 49.00  6.74
43.00 50.00  7.61
43.00 51.00  8.11
43.00 52.00 10.88
43.00 53.00 12.22
43.00 54.00 13.10
43.00 55.00 15.43
43.00 56.00 18.77
43.00 57.00 19.96
43.00 58.00 15.94
43.00 59.00 17.40
43.00 60.00 19.78
43.00 61.00 18.49
43.00 62.00 14.46
43.00 63.00 18.43
44.00 45.00  1.34
44.00 46.00  3.52
44.00 47.00  3.64
44.00 48.00  3.12
44.00 49.00  5.33
44.00 50.00  7.16
44.00 51.00  6.08
44.00 52.00  9.12
44.00 53.00 11.14
44.00 54.00 12.24
44.00 55.00 14.11
44.00 56.00 17.27
44.00 57.00 17.84
44.00 58.00 13.43
44.00 59.00 15.67
44.00 60.00 18.03
44.00 61.00 16.48
44.00 62.00 12.37
44.00 63.00 16.62
45.00 46.00  1.34
45.00 47.00  3.18
45.00 48.00  3.11
45.00 49.00  2.87
45.00 50.00  4.94
45.00 51.00  6.69
45.00 52.00  6.93
45.00 53.00  8.61
45.00 54.00 10.91
45.00 55.00 12.73
45.00 56.00 15.74
45.00 57.00 16.22
45.00 58.00 12.20
45.00 59.00 13.41
45.00 60.00 15.70
45.00 61.00 14.00
45.00 62.00  9.51
45.00 63.00 13.86
46.00 47.00  1.33
46.00 48.00  3.43
46.00 49.00  3.44
46.00 50.00  3.02
46.00 51.00  5.17
46.00 52.00  7.17
46.00 53.00  7.46
46.00 54.00  9.15
46.00 55.00 11.32
46.00 56.00 14.57
46.00 57.00 16.02
46.00 58.00 12.65
46.00 59.00 12.90
46.00 60.00 15.47
46.00 61.00 14.63
46.00 62.00 10.94
46.00 63.00 13.94
47.00 48.00  1.34
47.00 49.00  2.95
47.00 50.00  2.63
47.00 51.00  2.79
47.00 52.00  4.95
47.00 53.00  6.62
47.00 54.00  7.22
47.00 55.00  9.33
47.00 56.00 12.67
47.00 57.00 14.13
47.00 58.00 10.52
47.00 59.00 11.77
47.00 60.00 14.25
47.00 61.00 13.72
47.00 62.00 11.47
47.00 63.00 14.10
48.00 49.00  1.34
48.00 50.00  3.43
48.00 51.00  3.55
48.00 52.00  3.05
48.00 53.00  5.23
48.00 54.00  7.37
48.00 55.00  8.52
48.00 56.00 11.38
48.00 57.00 11.73
48.00 58.00  7.64
48.00 59.00  9.44
48.00 60.00 11.83
48.00 61.00 10.72
48.00 62.00  8.21
48.00 63.00 11.33
49.00 50.00  1.34
49.00 51.00  3.17
49.00 52.00  3.13
49.00 53.00  3.12
49.00 54.00  5.03
49.00 55.00  7.14
49.00 56.00 10.00
49.00 57.00 11.16
49.00 58.00  8.38
49.00 59.00  7.88
49.00 60.00 10.44
49.00 61.00 10.02
49.00 62.00  7.15
49.00 63.00  9.35
50.00 51.00  1.34
50.00 52.00  3.43
50.00 53.00  3.71
50.00 54.00  3.15
50.00 55.00  5.34
50.00 56.00  8.73
50.00 57.00 10.91
50.00 58.00  8.95
50.00 59.00  8.41
50.00 60.00 11.31
50.00 61.00 12.07
50.00 62.00  9.07
50.00 63.00 11.03
51.00 52.00  1.34
51.00 53.00  3.33
51.00 54.00  3.21
51.00 55.00  3.70
51.00 56.00  6.84
51.00 57.00  8.52
51.00 58.00  5.91
51.00 59.00  6.98
51.00 60.00  9.70
51.00 61.00 10.56
51.00 62.00  8.56
51.00 63.00 10.97
52.00 53.00  1.33
52.00 54.00  3.46
52.00 55.00  3.27
52.00 56.00  5.39
52.00 57.00  6.08
52.00 58.00  3.45
52.00 59.00  3.60
52.00 60.00  6.19
52.00 61.00  6.00
52.00 62.00  3.76
52.00 63.00  6.64
53.00 54.00  1.34
53.00 55.00  3.39
53.00 56.00  5.31
53.00 57.00  7.36
53.00 58.00  5.99
53.00 59.00  3.53
53.00 60.00  7.19
53.00 61.00  7.01
53.00 62.00  4.07
53.00 63.00  5.02
54.00 55.00  1.33
54.00 56.00  3.56
54.00 57.00  6.44
54.00 58.00  7.04
54.00 59.00  5.57
54.00 60.00  8.47
54.00 61.00 10.27
54.00 62.00  8.65
54.00 63.00  9.30
55.00 56.00  1.33
55.00 57.00  3.28
55.00 58.00  3.82
55.00 59.00  3.06
55.00 60.00  5.09
55.00 61.00  7.05
55.00 62.00  7.28
55.00 63.00  8.03
56.00 57.00  1.33
56.00 58.00  3.43
56.00 59.00  3.23
56.00 60.00  3.12
56.00 61.00  5.39
56.00 62.00  6.95
56.00 63.00  7.13
57.00 58.00  1.34
57.00 59.00  3.11
57.00 60.00  3.07
57.00 61.00  3.18
57.00 62.00  5.03
57.00 63.00  6.94
58.00 59.00  1.33
58.00 60.00  3.36
58.00 61.00  3.31
58.00 62.00  2.84
58.00 63.00  4.86
59.00 60.00  1.34
59.00 61.00  2.96
59.00 62.00  3.27
59.00 63.00  2.79
60.00 61.00  1.33
60.00 62.00  3.23
60.00 63.00  3.42
61.00 62.00  1.20
61.00 63.00  3.32
62.00 63.00  1.32
